time_fs,population_site_1,population_site_2,population_site_3,population_site_4,population_site_5,population_site_6,population_site_7,coherences
0.0000000000e+00,1.0000000000e+00,0.0000000000e+00,0.0000000000e+00,0.0000000000e+00,0.0000000000e+00,0.0000000000e+00,0.0000000000e+00,0.0000000000e+00
5.0000000000e-01,9.9992865598e-01,6.7832932535e-05,2.6915836562e-07,3.0908599153e-07,3.9638612629e-07,1.6628890896e-06,8.7356766034e-07,0.0000000000e+00
1.0000000000e+00,9.9971314928e-01,2.7285591953e-04,1.0751445213e-06,1.2421868391e-06,1.5867685867e-06,6.5827043323e-06,3.5079948864e-06,0.0000000000e+00
1.5000000000e+00,9.9935336700e-01,6.1514173460e-04,2.4180168633e-06,2.8033188870e-06,3.5615932840e-06,1.4826628625e-05,7.8817072809e-06,0.0000000000e+00
2.0000000000e+00,9.9885475797e-01,1.0896373692e-03,4.3169638754e-06,4.9008415682e-06,6.3085735918e-06,2.6206726516e-05,1.3871558809e-05,0.0000000000e+00
2.5000000000e+00,9.9820926428e-01,1.7042762239e-03,6.7525806225e-06,7.5799630379e-06,9.8861039520e-06,4.0656054377e-05,2.1584794194e-05,0.0000000000e+00
3.0000000000e+00,9.9744831612e-01,2.4271804962e-03,9.8674105404e-06,1.0942456098e-05,1.4265560024e-05,5.8320163281e-05,3.1107798785e-05,0.0000000000e+00
3.5000000000e+00,9.9654386957e-01,3.2860369281e-03,1.3514776322e-05,1.4872714502e-05,1.9693713470e-05,7.9195479594e-05,4.2816814413e-05,0.0000000000e+00
4.0000000000e+00,9.9546651194e-01,4.3099904423e-03,1.8082716030e-05,1.9294109769e-05,2.6185801641e-05,1.0383818493e-04,5.6096802093e-05,0.0000000000e+00
4.5000000000e+00,9.9427753979e-01,5.4399816804e-03,2.3003548408e-05,2.4628487772e-05,3.3114323981e-05,1.3118222371e-04,7.0549943778e-05,0.0000000000e+00
5.0000000000e+00,9.9300464761e-01,6.6510078552e-03,2.8079282547e-05,3.0438609167e-05,4.0511066574e-05,1.5872404372e-04,8.6591530045e-05,0.0000000000e+00
5.5000000000e+00,9.9146002205e-01,8.1221594254e-03,3.4444152184e-05,3.7079210487e-05,4.9154372708e-05,1.9236628650e-04,1.0477450729e-04,0.0000000000e+00
6.0000000000e+00,9.8983448525e-01,9.6692391094e-03,4.1384503651e-05,4.3836084421e-05,5.8263521532e-05,2.2972329340e-04,1.2306823271e-04,0.0000000000e+00
6.5000000000e+00,9.8817604677e-01,1.1237165314e-02,4.9792151188e-05,5.2211437991e-05,6.8849926160e-05,2.7114938735e-04,1.4478501452e-04,0.0000000000e+00
7.0000000000e+00,9.8631231641e-01,1.3003724014e-02,5.8534110747e-05,6.0422693013e-05,8.1022418981e-05,3.1473907211e-04,1.6924128120e-04,0.0000000000e+00
7.5000000000e+00,9.8439280135e-01,1.4825600270e-02,6.7536951473e-05,6.8542780780e-05,9.2512470751e-05,3.6138538513e-04,1.9162079495e-04,0.0000000000e+00
8.0000000000e+00,9.8221256589e-01,1.6899118983e-02,7.8962587249e-05,7.8216590273e-05,1.0626563049e-04,4.0870765612e-04,2.1616266160e-04,0.0000000000e+00
8.5000000000e+00,9.7989781965e-01,1.9101193200e-02,8.9957495188e-05,8.8660877029e-05,1.1981610082e-04,4.5946669457e-04,2.4308597783e-04,0.0000000000e+00
9.0000000000e+00,9.7741193565e-01,2.1464011195e-02,1.0231101365e-04,1.0015198651e-04,1.3447565661e-04,5.1569009114e-04,2.7142440705e-04,0.0000000000e+00
9.5000000000e+00,9.7472239188e-01,2.4018033337e-02,1.1721954713e-04,1.1347990632e-04,1.5238522495e-04,5.7498409462e-04,3.0150600646e-04,0.0000000000e+00
1.0000000000e+01,9.7189290738e-01,2.6713615683e-02,1.3343939080e-04,1.2622228982e-04,1.6736436000e-04,6.3264411889e-04,3.3380677300e-04,0.0000000000e+00
1.0500000000e+01,9.6886111379e-01,2.9601343573e-02,1.4983892395e-04,1.3995699658e-04,1.8673450204e-04,6.9360837840e-04,3.6740383747e-04,0.0000000000e+00
1.1000000000e+01,9.6606236716e-01,3.2257914852e-02,1.6651856127e-04,1.5357828392e-04,2.0561042597e-04,7.5054742825e-04,4.0346328874e-04,0.0000000000e+00
1.1500000000e+01,9.6309129153e-01,3.5064142130e-02,1.8551117435e-04,1.7000654284e-04,2.2482394125e-04,8.2192140804e-04,4.4230327471e-04,0.0000000000e+00
1.2000000000e+01,9.6005024890e-01,3.7933092033e-02,2.0523417037e-04,1.8655663766e-04,2.4665677706e-04,8.9564507179e-04,4.8256641457e-04,0.0000000000e+00
1.2500000000e+01,9.5683144031e-01,4.0979925714e-02,2.2709043390e-04,2.0266814146e-04,2.6786172970e-04,9.6455956071e-04,5.2645410912e-04,0.0000000000e+00
1.3000000000e+01,9.5325166871e-01,4.4370142843e-02,2.5318187794e-04,2.1967299530e-04,2.9105807912e-04,1.0425564258e-03,5.7171907250e-04,0.0000000000e+00
1.3500000000e+01,9.5029722646e-01,4.7148446298e-02,2.7751903328e-04,2.3613317049e-04,3.1638740801e-04,1.1107672229e-03,6.1352040781e-04,0.0000000000e+00
1.4000000000e+01,9.4686220703e-01,5.0393451220e-02,3.0222985337e-04,2.5328244077e-04,3.4094689723e-04,1.1960778750e-03,6.5180468249e-04,0.0000000000e+00
1.4500000000e+01,9.4331018066e-01,5.3739798183e-02,3.3178886082e-04,2.7693258522e-04,3.6595646182e-04,1.2876507294e-03,6.8769252053e-04,0.0000000000e+00
1.5000000000e+01,9.3953963810e-01,5.7302388345e-02,3.6327534905e-04,2.9978793857e-04,3.9194896592e-04,1.3671239610e-03,7.3583734573e-04,0.0000000000e+00
1.5500000000e+01,9.3570950279e-01,6.0931170342e-02,3.9359252827e-04,3.1927336928e-04,4.1889739838e-04,1.4475588717e-03,7.8000469599e-04,0.0000000000e+00
1.6000000000e+01,9.3117124074e-01,6.5272098701e-02,4.2645160737e-04,3.4034176969e-04,4.4990292460e-04,1.5237538960e-03,8.1621036207e-04,0.0000000000e+00
1.6500000000e+01,9.2692703736e-01,6.9310346350e-02,4.6102027524e-04,3.6079010733e-04,4.7928965570e-04,1.6081752170e-03,8.5334103712e-04,0.0000000000e+00
1.7000000000e+01,9.2264605564e-01,7.3372244125e-02,4.9715313896e-04,3.8375754887e-04,5.0654433675e-04,1.6985017264e-03,8.9574348329e-04,0.0000000000e+00
1.7500000000e+01,9.1881303308e-01,7.6997925213e-02,5.4125682348e-04,4.0801500662e-04,5.3340418827e-04,1.7721558217e-03,9.3420986726e-04,0.0000000000e+00
1.8000000000e+01,9.1401123737e-01,8.1563458557e-02,5.8662369296e-04,4.3716505161e-04,5.6560442412e-04,1.8595490007e-03,9.7636190798e-04,0.0000000000e+00
1.8500000000e+01,9.0875281700e-01,8.6549269964e-02,6.3241037127e-04,4.6591004160e-04,6.0884683999e-04,1.9655006804e-03,1.0252451055e-03,0.0000000000e+00
1.9000000000e+01,9.0484141955e-01,9.0202403971e-02,6.8284184905e-04,4.9238922590e-04,6.4697005033e-04,2.0601471342e-03,1.0738282233e-03,0.0000000000e+00
1.9500000000e+01,9.0059872753e-01,9.4233903415e-02,7.3050530112e-04,5.2006458869e-04,6.8026132304e-04,2.1190225255e-03,1.1175153174e-03,0.0000000000e+00
2.0000000000e+01,8.9631840724e-01,9.8291849474e-02,7.7011489365e-04,5.5195377142e-04,7.1033671854e-04,2.2000040944e-03,1.1573338055e-03,0.0000000000e+00
2.0500000000e+01,8.9032064813e-01,1.0398510346e-01,8.2706547119e-04,5.8586680150e-04,7.6176712381e-04,2.3020313212e-03,1.2175176918e-03,0.0000000000e+00
2.1000000000e+01,8.8722243353e-01,1.0686699712e-01,8.6853381847e-04,6.0483415536e-04,7.9167440973e-04,2.3789385510e-03,1.2665884204e-03,0.0000000000e+00
2.1500000000e+01,8.8352987092e-01,1.1031081563e-01,9.2657235952e-04,6.3111832964e-04,8.2299257064e-04,2.4687851473e-03,1.3098450422e-03,0.0000000000e+00
2.2000000000e+01,8.7865192626e-01,1.1496284000e-01,9.8277135557e-04,6.6078148445e-04,8.5654420476e-04,2.5353119778e-03,1.3498247129e-03,0.0000000000e+00
2.2500000000e+01,8.7513740996e-01,1.1831872430e-01,1.0236800470e-03,6.7879875671e-04,8.8601094178e-04,2.5893960759e-03,1.3659799203e-03,0.0000000000e+00
2.3000000000e+01,8.6988984082e-01,1.2335360743e-01,1.0852990146e-03,7.0054239051e-04,9.1264890293e-04,2.6618999174e-03,1.3961615156e-03,0.0000000000e+00
2.3500000000e+01,8.6579254959e-01,1.2726249104e-01,1.1436014919e-03,7.2390031133e-04,9.4566450930e-04,2.7018966235e-03,1.4298964331e-03,0.0000000000e+00
2.4000000000e+01,8.6227430972e-01,1.3053073262e-01,1.2134491878e-03,7.5712524187e-04,9.8910279500e-04,2.7737401354e-03,1.4615402940e-03,0.0000000000e+00
2.4500000000e+01,8.5849492645e-01,1.3407118700e-01,1.2714656315e-03,7.9100087960e-04,1.0353183541e-03,2.8432438858e-03,1.4928578025e-03,0.0000000000e+00
2.5000000000e+01,8.5261251762e-01,1.3968496138e-01,1.3373933993e-03,8.2388578598e-04,1.0735401091e-03,2.9281634166e-03,1.5395382939e-03,0.0000000000e+00
2.5500000000e+01,8.4806764123e-01,1.4395209544e-01,1.4117562319e-03,8.5022670147e-04,1.1170500696e-03,3.0211955621e-03,1.5800347670e-03,0.0000000000e+00
2.6000000000e+01,8.4096677294e-01,1.5071424924e-01,1.5001839906e-03,8.9387441752e-04,1.1695618232e-03,3.1315147592e-03,1.6238428274e-03,0.0000000000e+00
2.6500000000e+01,8.3758350365e-01,1.5384867669e-01,1.5870099609e-03,9.1881176857e-04,1.2045402887e-03,3.1938666745e-03,1.6635909726e-03,0.0000000000e+00
2.7000000000e+01,8.3492276719e-01,1.5622475138e-01,1.6847246867e-03,9.4637102741e-04,1.2532804494e-03,3.2686861833e-03,1.6994190782e-03,0.0000000000e+00
2.7500000000e+01,8.3083440557e-01,1.6002792833e-01,1.7504215756e-03,9.8566217273e-04,1.3105726318e-03,3.3425857943e-03,1.7484239189e-03,0.0000000000e+00
2.8000000000e+01,8.2504115162e-01,1.6549306518e-01,1.8387858001e-03,1.0318862915e-03,1.3709646055e-03,3.4405407817e-03,1.7836057225e-03,0.0000000000e+00
2.8500000000e+01,8.2027625464e-01,1.6996788080e-01,1.9126994877e-03,1.0673004841e-03,1.4239516421e-03,3.5462731268e-03,1.8056398248e-03,0.0000000000e+00
2.9000000000e+01,8.1502934577e-01,1.7492828929e-01,1.9882339455e-03,1.1172265443e-03,1.4838321762e-03,3.6171208694e-03,1.8359514047e-03,0.0000000000e+00
2.9500000000e+01,8.0906644086e-01,1.8064590533e-01,2.0741292915e-03,1.1502260755e-03,1.5372561056e-03,3.6641571808e-03,1.8618851539e-03,0.0000000000e+00
3.0000000000e+01,8.0342262294e-01,1.8597218964e-01,2.1517194444e-03,1.1992778546e-03,1.5956259086e-03,3.7608454864e-03,1.8977187287e-03,0.0000000000e+00
3.0500000000e+01,7.9810302603e-01,1.9093000536e-01,2.2637414912e-03,1.2498646188e-03,1.6555879858e-03,3.8411503013e-03,1.9566242122e-03,0.0000000000e+00
3.1000000000e+01,7.9222898077e-01,1.9649496200e-01,2.3530192021e-03,1.2882486648e-03,1.7171422147e-03,3.9384967871e-03,1.9791503606e-03,0.0000000000e+00
3.1500000000e+01,7.8561206135e-01,2.0262651772e-01,2.4788511239e-03,1.3376405571e-03,1.8127338880e-03,4.0778138792e-03,2.0543814805e-03,0.0000000000e+00
3.2000000000e+01,7.8049411504e-01,2.0741574874e-01,2.5858264484e-03,1.3826364032e-03,1.8688567591e-03,4.1659439708e-03,2.0868726432e-03,0.0000000000e+00
3.2500000000e+01,7.7496006896e-01,2.1258098147e-01,2.7079829418e-03,1.4236953660e-03,1.9430855098e-03,4.2626390368e-03,2.1215467122e-03,0.0000000000e+00
3.3000000000e+01,7.6939258971e-01,2.1778851053e-01,2.8509587660e-03,1.4566570435e-03,2.0157835745e-03,4.3260640227e-03,2.1694363504e-03,0.0000000000e+00
3.3500000000e+01,7.6528616380e-01,2.2155094560e-01,2.9554320804e-03,1.4987782261e-03,2.0930779269e-03,4.4012628030e-03,2.2143395597e-03,0.0000000000e+00
3.4000000000e+01,7.5994001447e-01,2.2657802741e-01,3.1018996543e-03,1.5376246599e-03,2.1404455240e-03,4.4699921654e-03,2.2319961119e-03,0.0000000000e+00
3.4500000000e+01,7.5362385405e-01,2.3250315166e-01,3.2244222063e-03,1.5961270771e-03,2.2334814222e-03,4.5588278500e-03,2.2601357302e-03,0.0000000000e+00
3.5000000000e+01,7.4904842065e-01,2.3667321174e-01,3.3528744366e-03,1.6594509620e-03,2.3108795300e-03,4.6429611186e-03,2.3122015558e-03,0.0000000000e+00
3.5500000000e+01,7.4298410135e-01,2.4229864015e-01,3.5070588289e-03,1.7276496140e-03,2.4188067869e-03,4.6958421272e-03,2.3679011435e-03,0.0000000000e+00
3.6000000000e+01,7.4094197660e-01,2.4407389666e-01,3.6233235326e-03,1.7741952300e-03,2.4916209476e-03,4.6986183148e-03,2.3963687147e-03,0.0000000000e+00
3.6500000000e+01,7.3746518150e-01,2.4733806691e-01,3.7323471437e-03,1.8208370507e-03,2.5494419851e-03,4.6931678067e-03,2.4009576090e-03,0.0000000000e+00
3.7000000000e+01,7.2891971189e-01,2.5548943769e-01,3.8952057425e-03,1.8775472377e-03,2.6282447935e-03,4.7606849636e-03,2.4291676844e-03,0.0000000000e+00
3.7500000000e+01,7.2270786488e-01,2.6128506907e-01,4.0478985552e-03,1.9454262078e-03,2.7148187354e-03,4.8348079625e-03,2.4641145888e-03,0.0000000000e+00
3.8000000000e+01,7.1865948959e-01,2.6505641317e-01,4.1741218924e-03,1.9925330597e-03,2.7751060399e-03,4.8859352071e-03,2.4564010397e-03,0.0000000000e+00
3.8500000000e+01,7.1444377745e-01,2.6917593689e-01,4.2402672144e-03,2.0044557196e-03,2.8044016805e-03,4.8824977529e-03,2.4486632918e-03,0.0000000000e+00
3.9000000000e+01,7.1001542148e-01,2.7340748879e-01,4.3745218813e-03,2.0346896797e-03,2.8456667277e-03,4.8844440993e-03,2.4377673413e-03,0.0000000000e+00
3.9500000000e+01,7.0452587493e-01,2.7850795452e-01,4.5443431000e-03,2.1061542927e-03,2.9299861291e-03,4.9229801879e-03,2.4627068403e-03,0.0000000000e+00
4.0000000000e+01,6.9969364133e-01,2.8303106672e-01,4.6894542567e-03,2.1543409451e-03,2.9967204540e-03,4.9773916518e-03,2.4573846398e-03,0.0000000000e+00
4.0500000000e+01,6.9599522827e-01,2.8633631890e-01,4.8446579777e-03,2.2214137825e-03,3.0782547466e-03,5.0445911769e-03,2.4795351489e-03,0.0000000000e+00
4.1000000000e+01,6.8942926181e-01,2.9247848745e-01,5.0653558414e-03,2.2703249489e-03,3.1382558064e-03,5.1222570852e-03,2.4960570603e-03,0.0000000000e+00
4.1500000000e+01,6.8720788699e-01,2.9443705888e-01,5.1884296100e-03,2.3039276942e-03,3.1883893461e-03,5.1749922394e-03,2.4993152451e-03,0.0000000000e+00
4.2000000000e+01,6.8587695861e-01,2.9556227205e-01,5.3398458093e-03,2.3393800525e-03,3.2464172121e-03,5.1422622420e-03,2.4928640225e-03,0.0000000000e+00
4.2500000000e+01,6.8007228598e-01,3.0104425322e-01,5.5115776542e-03,2.4173505236e-03,3.3420995097e-03,5.1220517698e-03,2.4903813460e-03,0.0000000000e+00
4.3000000000e+01,6.7374378152e-01,3.0707153445e-01,5.6048365922e-03,2.4760045877e-03,3.4471977639e-03,5.1450833983e-03,2.5115616811e-03,0.0000000000e+00
4.3500000000e+01,6.6680879082e-01,3.1362837627e-01,5.7550502506e-03,2.5480666267e-03,3.5443957726e-03,5.1852595952e-03,2.5300606640e-03,0.0000000000e+00
4.4000000000e+01,6.6196286896e-01,3.1792417082e-01,6.0024824963e-03,2.6248306752e-03,3.6464913673e-03,5.2642557697e-03,2.5748999101e-03,0.0000000000e+00
4.4500000000e+01,6.5511014990e-01,3.2418460263e-01,6.2587271456e-03,2.6999257711e-03,3.7695661473e-03,5.3655003011e-03,2.6115281040e-03,0.0000000000e+00
4.5000000000e+01,6.4849438328e-01,3.3042835974e-01,6.4297681415e-03,2.7534119783e-03,3.8531075615e-03,5.4182620405e-03,2.6227072527e-03,0.0000000000e+00
4.5500000000e+01,6.4483846544e-01,3.3375478994e-01,6.6197864361e-03,2.8208946437e-03,3.9121205544e-03,5.4216329217e-03,2.6323100618e-03,0.0000000000e+00
4.6000000000e+01,6.3555519126e-01,3.4270178123e-01,6.8011997977e-03,2.9016927850e-03,3.9518682820e-03,5.4548628668e-03,2.6334037781e-03,0.0000000000e+00
4.6500000000e+01,6.2952484880e-01,3.4839766086e-01,6.9965621963e-03,3.0014234686e-03,4.0119968421e-03,5.4271455185e-03,2.6403623116e-03,0.0000000000e+00
4.7000000000e+01,6.2605631203e-01,3.5159594543e-01,7.2010285264e-03,3.0495049322e-03,4.0438479434e-03,5.4238592572e-03,2.6295018869e-03,0.0000000000e+00
4.7500000000e+01,6.2050961146e-01,3.5683677323e-01,7.3729695000e-03,3.1328900281e-03,4.1009030624e-03,5.4197298521e-03,2.6271228662e-03,0.0000000000e+00
4.8000000000e+01,6.1428394893e-01,3.6289120243e-01,7.5343210440e-03,3.2093761748e-03,4.1177556604e-03,5.3585087849e-03,2.6048869817e-03,0.0000000000e+00
4.8500000000e+01,6.1037963215e-01,3.6646735820e-01,7.6899184023e-03,3.2983940814e-03,4.2184014253e-03,5.3221336631e-03,2.6241620806e-03,0.0000000000e+00
4.9000000000e+01,6.0146686678e-01,3.7502313056e-01,7.9034781393e-03,3.3553322897e-03,4.3132819873e-03,5.3024339986e-03,2.6354762355e-03,0.0000000000e+00
4.9500000000e+01,5.9275125645e-01,3.8319783636e-01,8.1496365825e-03,3.4263878923e-03,4.4106515358e-03,5.3916116915e-03,2.6726194885e-03,0.0000000000e+00
5.0000000000e+01,5.8887511299e-01,3.8672901079e-01,8.4049417092e-03,3.4950738310e-03,4.4668405547e-03,5.3445901838e-03,2.6844299366e-03,0.0000000000e+00
5.0500000000e+01,5.7898858227e-01,3.9631989627e-01,8.4959091615e-03,3.5626212299e-03,4.5519350740e-03,5.3981942365e-03,2.6828617594e-03,0.0000000000e+00
5.1000000000e+01,5.7201678111e-01,4.0295885249e-01,8.7375507451e-03,3.5963346909e-03,4.6174341620e-03,5.4040673867e-03,2.6689794213e-03,0.0000000000e+00
5.1500000000e+01,5.6582838556e-01,4.0893569309e-01,8.8391503172e-03,3.6303626492e-03,4.6609462958e-03,5.4295768828e-03,2.6758851997e-03,0.0000000000e+00
5.2000000000e+01,5.5720242491e-01,4.1710647483e-01,9.0737142779e-03,3.7213639016e-03,4.7580911581e-03,5.4578060113e-03,2.6801249175e-03,0.0000000000e+00
5.2500000000e+01,5.5248676085e-01,4.2145991354e-01,9.2850950659e-03,3.7485424161e-03,4.9221786228e-03,5.4275221260e-03,2.6699873842e-03,0.0000000000e+00
5.3000000000e+01,5.4691198216e-01,4.2673098615e-01,9.5284098242e-03,3.7856066848e-03,4.9714725159e-03,5.4103587756e-03,2.6611838919e-03,0.0000000000e+00
5.3500000000e+01,5.4265754936e-01,4.3084702323e-01,9.5662818826e-03,3.8258504606e-03,5.0845633401e-03,5.3656918002e-03,2.6530399311e-03,0.0000000000e+00
5.4000000000e+01,5.3880769289e-01,4.3434036960e-01,9.7843081826e-03,3.8797336702e-03,5.1887661784e-03,5.3684470133e-03,2.6306824643e-03,0.0000000000e+00
5.4500000000e+01,5.3232454002e-01,4.4013604508e-01,1.0166347229e-02,3.9731814417e-03,5.3402281758e-03,5.4171117750e-03,2.6425462810e-03,0.0000000000e+00
5.5000000000e+01,5.2819735264e-01,4.4368554513e-01,1.0481250978e-02,4.0598897822e-03,5.4783410087e-03,5.4551064188e-03,2.6425140398e-03,0.0000000000e+00
5.5500000000e+01,5.2397193895e-01,4.4762707617e-01,1.0651913027e-02,4.1493537480e-03,5.5298227611e-03,5.4376690280e-03,2.6322263191e-03,0.0000000000e+00
5.6000000000e+01,5.1691366626e-01,4.5417563858e-01,1.0991842610e-02,4.1987340791e-03,5.6673870891e-03,5.4573072330e-03,2.5954241505e-03,0.0000000000e+00
5.6500000000e+01,5.1215425653e-01,4.5862185748e-01,1.1161513713e-02,4.2559463530e-03,5.7493447063e-03,5.4678069432e-03,2.5892742804e-03,0.0000000000e+00
5.7000000000e+01,5.0840655064e-01,4.6211032987e-01,1.1317114159e-02,4.3436443382e-03,5.8113723947e-03,5.4172975973e-03,2.5936909991e-03,0.0000000000e+00
5.7500000000e+01,5.0448029069e-01,4.6539230632e-01,1.1729829495e-02,4.4728224974e-03,5.9590347868e-03,5.3755691217e-03,2.5901470885e-03,0.0000000000e+00
5.8000000000e+01,4.9810051653e-01,4.7121914659e-01,1.2077452634e-02,4.5529658141e-03,6.1140444401e-03,5.3561811402e-03,2.5796928544e-03,0.0000000000e+00
5.8500000000e+01,4.9274982522e-01,4.7643123191e-01,1.2156508531e-02,4.6084411341e-03,6.2038577468e-03,5.2963162471e-03,2.5538192113e-03,0.0000000000e+00
5.9000000000e+01,4.8862804284e-01,4.8027752223e-01,1.2394997516e-02,4.6126868841e-03,6.2932506284e-03,5.2441805740e-03,2.5493193257e-03,0.0000000000e+00
5.9500000000e+01,4.8234628819e-01,4.8635995179e-01,1.2548405967e-02,4.6501879963e-03,6.3822110288e-03,5.1878905034e-03,2.5250645257e-03,0.0000000000e+00
6.0000000000e+01,4.7724529886e-01,4.9077705887e-01,1.3017977568e-02,4.7692076384e-03,6.5115640124e-03,5.1741608863e-03,2.5047321609e-03,0.0000000000e+00
6.0500000000e+01,4.7331641764e-01,4.9452152466e-01,1.3199206665e-02,4.8141804092e-03,6.5909646089e-03,5.0821486270e-03,2.4755573919e-03,0.0000000000e+00
6.1000000000e+01,4.6897147703e-01,4.9840831307e-01,1.3471563544e-02,4.8588475918e-03,6.7730988988e-03,5.0699550545e-03,2.4467448121e-03,0.0000000000e+00
6.1500000000e+01,4.6177300826e-01,5.0548691684e-01,1.3681808608e-02,4.9066549517e-03,6.7869179043e-03,4.9654935544e-03,2.3991998770e-03,0.0000000000e+00
6.2000000000e+01,4.5711898036e-01,5.0974251840e-01,1.3977907310e-02,4.9600519754e-03,6.9100433006e-03,4.9016317030e-03,2.3888669489e-03,0.0000000000e+00
6.2500000000e+01,4.4947818951e-01,5.1695029966e-01,1.4247572157e-02,5.0258147644e-03,7.0948160564e-03,4.8367803894e-03,2.3665274624e-03,0.0000000000e+00
6.3000000000e+01,4.4356235452e-01,5.2223451410e-01,1.4780229350e-02,5.1246826651e-03,7.2460438707e-03,4.7282666300e-03,2.3239088686e-03,0.0000000000e+00
6.3500000000e+01,4.3789385924e-01,5.2743334396e-01,1.5069909765e-02,5.2355169130e-03,7.3517331792e-03,4.7017234250e-03,2.3139135240e-03,0.0000000000e+00
6.4000000000e+01,4.3014323005e-01,5.3514595214e-01,1.5163591882e-02,5.2452300794e-03,7.3674198611e-03,4.6507868406e-03,2.2837891462e-03,0.0000000000e+00
6.4500000000e+01,4.2456632895e-01,5.4014627073e-01,1.5644508448e-02,5.2867738948e-03,7.5321748140e-03,4.5524101839e-03,2.2715329776e-03,0.0000000000e+00
6.5000000000e+01,4.2135893533e-01,5.4300825742e-01,1.6011500415e-02,5.2591420362e-03,7.6537117572e-03,4.4672562369e-03,2.2411968108e-03,0.0000000000e+00
6.5500000000e+01,4.1772944143e-01,5.4624430086e-01,1.6270562747e-02,5.3485187940e-03,7.7573046105e-03,4.4222672048e-03,2.2276043604e-03,0.0000000000e+00
6.6000000000e+01,4.1680180898e-01,5.4678484956e-01,1.6508683907e-02,5.4105530599e-03,7.9368588134e-03,4.3359037048e-03,2.2213419656e-03,0.0000000000e+00
6.6500000000e+01,4.1219947609e-01,5.5103779210e-01,1.6827376856e-02,5.4964267299e-03,8.0264533685e-03,4.2088562708e-03,2.2036185819e-03,0.0000000000e+00
6.7000000000e+01,4.0723862675e-01,5.5569246146e-01,1.7191549603e-02,5.5473437508e-03,8.0578770654e-03,4.0917834564e-03,2.1803579123e-03,0.0000000000e+00
6.7500000000e+01,4.0199651589e-01,5.6063291014e-01,1.7413069791e-02,5.5628255318e-03,8.2472351527e-03,3.9948744868e-03,2.1525690097e-03,0.0000000000e+00
6.8000000000e+01,3.9905784681e-01,5.6346325728e-01,1.7681608061e-02,5.5597551508e-03,8.2530086161e-03,3.8723649310e-03,2.1121591461e-03,0.0000000000e+00
6.8500000000e+01,3.9812556906e-01,5.6434032767e-01,1.7792407430e-02,5.5359960785e-03,8.3483498672e-03,3.7857715613e-03,2.0715783301e-03,0.0000000000e+00
6.9000000000e+01,3.9711026494e-01,5.6518911423e-01,1.8013235849e-02,5.4853353227e-03,8.4249670653e-03,3.7486664328e-03,2.0284161604e-03,0.0000000000e+00
6.9500000000e+01,3.9625212266e-01,5.6582823313e-01,1.8316838677e-02,5.4737961937e-03,8.4396767757e-03,3.6675013650e-03,2.0218312006e-03,0.0000000000e+00
7.0000000000e+01,3.9146815903e-01,5.7060719599e-01,1.8432434925e-02,5.5004756123e-03,8.4572777214e-03,3.5529707601e-03,1.9814859574e-03,0.0000000000e+00
7.0500000000e+01,3.8864038279e-01,5.7286733258e-01,1.8912023426e-02,5.5990625860e-03,8.5311438378e-03,3.4900974708e-03,1.9599573136e-03,0.0000000000e+00
7.1000000000e+01,3.8364414577e-01,5.7748212360e-01,1.9288028272e-02,5.6681771889e-03,8.5517121917e-03,3.4281609294e-03,1.9376520447e-03,0.0000000000e+00
7.1500000000e+01,3.7932370414e-01,5.8155528498e-01,1.9622969208e-02,5.6875330839e-03,8.5484749952e-03,3.3453969124e-03,1.9166366821e-03,0.0000000000e+00
7.2000000000e+01,3.7697697834e-01,5.8369316993e-01,1.9954256898e-02,5.6844415433e-03,8.5515899708e-03,3.2593158389e-03,1.8802474743e-03,0.0000000000e+00
7.2500000000e+01,3.7578470192e-01,5.8461729056e-01,2.0330922404e-02,5.6850565818e-03,8.5639860323e-03,3.1654419829e-03,1.8526005216e-03,0.0000000000e+00
7.3000000000e+01,3.7374580360e-01,5.8612388963e-01,2.0888526042e-02,5.7244170305e-03,8.5921840722e-03,3.0987042448e-03,1.8264753752e-03,0.0000000000e+00
7.3500000000e+01,3.6975348314e-01,5.9012838719e-01,2.0946989472e-02,5.7075036851e-03,8.6977892880e-03,2.9869454125e-03,1.7789018115e-03,0.0000000000e+00
7.4000000000e+01,3.6551140440e-01,5.9428442657e-01,2.1237085553e-02,5.6629579766e-03,8.6793554664e-03,2.8747944364e-03,1.7499755944e-03,0.0000000000e+00
7.4500000000e+01,3.6308834270e-01,5.9655981552e-01,2.1577831247e-02,5.6757195795e-03,8.6237733388e-03,2.7887212286e-03,1.6857963839e-03,0.0000000000e+00
7.5000000000e+01,3.6014082641e-01,5.9925153404e-01,2.2004470442e-02,5.6637506665e-03,8.5631496810e-03,2.7103842671e-03,1.6658844936e-03,0.0000000000e+00
7.5500000000e+01,3.5942599618e-01,5.9960840682e-01,2.2457099655e-02,5.7812013931e-03,8.5185658983e-03,2.5932251940e-03,1.6155048591e-03,0.0000000000e+00
7.6000000000e+01,3.5615049588e-01,6.0297280199e-01,2.2517907326e-02,5.7553241459e-03,8.5526803539e-03,2.4898085483e-03,1.5609817503e-03,0.0000000000e+00
7.6500000000e+01,3.5643363666e-01,6.0229533823e-01,2.2896377889e-02,5.7566580592e-03,8.6780269024e-03,2.3859481173e-03,1.5540141428e-03,0.0000000000e+00
7.7000000000e+01,3.5106080773e-01,6.0766179837e-01,2.3094030818e-02,5.7371747845e-03,8.6544031855e-03,2.2733830344e-03,1.5184020766e-03,0.0000000000e+00
7.7500000000e+01,3.4819675206e-01,6.1049233200e-01,2.3351680849e-02,5.6688074671e-03,8.6043217407e-03,2.1882659551e-03,1.4978399235e-03,0.0000000000e+00
7.8000000000e+01,3.4850402280e-01,6.1027432131e-01,2.3369692126e-02,5.6942115614e-03,8.5941661542e-03,2.0837742124e-03,1.4798118420e-03,0.0000000000e+00
7.8500000000e+01,3.4935855987e-01,6.0883321724e-01,2.4056925356e-02,5.7518503007e-03,8.5921715942e-03,1.9751599129e-03,1.4321157248e-03,0.0000000000e+00
7.9000000000e+01,3.4965760526e-01,6.0855378874e-01,2.4207495731e-02,5.7187839346e-03,8.5757798824e-03,1.8659279272e-03,1.4206185263e-03,0.0000000000e+00
7.9500000000e+01,3.4879348770e-01,6.0941470207e-01,2.4329102223e-02,5.6986896544e-03,8.5742889537e-03,1.7842455105e-03,1.4054838869e-03,0.0000000000e+00
8.0000000000e+01,3.5032582508e-01,6.0799762109e-01,2.4439839955e-02,5.6038484111e-03,8.5615606863e-03,1.6886735282e-03,1.3826312524e-03,0.0000000000e+00
8.0500000000e+01,3.4797208665e-01,6.1018270487e-01,2.4826534521e-02,5.5787047587e-03,8.4671075668e-03,1.6057996516e-03,1.3670619771e-03,0.0000000000e+00
8.1000000000e+01,3.4853496463e-01,6.0990443515e-01,2.4825596238e-02,5.5093036822e-03,8.3714866211e-03,1.5176323883e-03,1.3365812902e-03,0.0000000000e+00
8.1500000000e+01,3.5133594033e-01,6.0712349696e-01,2.4972759719e-02,5.5232874855e-03,8.2928298074e-03,1.4339989197e-03,1.3176867803e-03,0.0000000000e+00
8.2000000000e+01,3.5266068288e-01,6.0600691252e-01,2.5076076356e-02,5.4395547083e-03,8.1780435127e-03,1.3381846682e-03,1.3005453565e-03,0.0000000000e+00
8.2500000000e+01,3.5439305168e-01,6.0386449111e-01,2.5603791784e-02,5.4327917203e-03,8.1481397089e-03,1.2649136900e-03,1.2928203021e-03,0.0000000000e+00
8.3000000000e+01,3.5600857286e-01,6.0276614789e-01,2.5499326741e-02,5.2955050420e-03,7.9867608851e-03,1.1831015998e-03,1.2605849872e-03,0.0000000000e+00
8.3500000000e+01,3.5690586309e-01,6.0201449655e-01,2.5654351576e-02,5.2466083440e-03,7.8275448079e-03,1.1007376216e-03,1.2503980075e-03,0.0000000000e+00
8.4000000000e+01,3.6073714441e-01,5.9825314471e-01,2.5818637625e-02,5.1681863422e-03,7.7555729187e-03,1.0234580584e-03,1.2438559322e-03,0.0000000000e+00
8.4500000000e+01,3.5900108440e-01,5.9989170937e-01,2.6049054515e-02,5.1560126169e-03,7.7060064769e-03,9.6357622108e-04,1.2325564031e-03,0.0000000000e+00
8.5000000000e+01,3.6017131791e-01,5.9846888199e-01,2.6409815095e-02,5.0997849665e-03,7.7199115187e-03,9.0123707886e-04,1.2290514380e-03,0.0000000000e+00
8.5500000000e+01,3.6460258055e-01,5.9414381613e-01,2.6498904560e-02,5.0541981511e-03,7.6541886844e-03,8.3207744862e-04,1.2142344749e-03,0.0000000000e+00
8.6000000000e+01,3.6836008809e-01,5.9037647563e-01,2.6811011763e-02,4.9719986953e-03,7.5163921255e-03,7.6806644219e-04,1.1959672531e-03,0.0000000000e+00
8.6500000000e+01,3.6961519369e-01,5.8887973744e-01,2.7187548552e-02,4.9215300014e-03,7.4928180136e-03,7.1357431946e-04,1.1895979877e-03,0.0000000000e+00
8.7000000000e+01,3.7233001929e-01,5.8630949850e-01,2.7324027576e-02,4.8206862370e-03,7.3877457091e-03,6.5206593648e-04,1.1759567481e-03,0.0000000000e+00
8.7500000000e+01,3.7322494050e-01,5.8553276885e-01,2.7394010299e-02,4.7138969700e-03,7.3619565999e-03,5.9675046575e-04,1.1756763111e-03,0.0000000000e+00
8.8000000000e+01,3.7978516456e-01,5.7898279229e-01,2.7588225042e-02,4.6565456998e-03,7.2800186246e-03,5.4019841948e-04,1.1670553650e-03,0.0000000000e+00
8.8500000000e+01,3.8168940617e-01,5.7663577972e-01,2.8171521063e-02,4.6634001489e-03,7.1629791816e-03,4.9994933108e-04,1.1769643842e-03,0.0000000000e+00
8.9000000000e+01,3.8572996364e-01,5.7279726619e-01,2.8136061930e-02,4.6002777819e-03,7.1106766212e-03,4.5346986424e-04,1.1722839669e-03,0.0000000000e+00
8.9500000000e+01,3.9100362630e-01,5.6766759367e-01,2.8132213149e-02,4.5111930629e-03,7.0981348719e-03,4.1081289927e-04,1.1764260449e-03,0.0000000000e+00
9.0000000000e+01,3.9749653405e-01,5.6097294137e-01,2.8505299529e-02,4.4404487523e-03,7.0013687853e-03,3.7882267880e-04,1.2045848338e-03,0.0000000000e+00
9.0500000000e+01,4.0130261859e-01,5.5708761713e-01,2.8754541139e-02,4.4115567948e-03,6.8837400351e-03,3.4078395260e-04,1.2191423590e-03,0.0000000000e+00
9.1000000000e+01,4.0779404334e-01,5.5055654348e-01,2.8955422076e-02,4.3277321789e-03,6.8327948294e-03,3.0648521705e-04,1.2269788710e-03,0.0000000000e+00
9.1500000000e+01,4.1452427915e-01,5.4383203745e-01,2.9080285388e-02,4.2789456562e-03,6.7788977172e-03,2.7287683824e-04,1.2326777963e-03,0.0000000000e+00
9.2000000000e+01,4.1615544664e-01,5.4214656319e-01,2.9218677763e-02,4.2297288251e-03,6.7601390865e-03,2.4194967315e-04,1.2474948244e-03,0.0000000000e+00
9.2500000000e+01,4.1791849685e-01,5.4057518710e-01,2.9197465104e-02,4.1513208199e-03,6.6844569764e-03,2.1362540563e-04,1.2594477450e-03,0.0000000000e+00
9.3000000000e+01,4.2334996506e-01,5.3500909217e-01,2.9499731175e-02,4.1091477930e-03,6.5585695974e-03,1.9037939340e-04,1.2831148146e-03,0.0000000000e+00
9.3500000000e+01,4.2911414267e-01,5.2940839147e-01,2.9499358273e-02,4.0695346854e-03,6.4375116460e-03,1.6997092986e-04,1.3010903251e-03,0.0000000000e+00
9.4000000000e+01,4.3393493286e-01,5.2449523388e-01,2.9674931418e-02,4.0162282937e-03,6.4026406684e-03,1.5168583896e-04,1.3243470450e-03,0.0000000000e+00
9.4500000000e+01,4.4033762675e-01,5.1876265426e-01,2.9269662581e-02,3.9119111796e-03,6.2743278697e-03,1.3286340791e-04,1.3109539468e-03,0.0000000000e+00
9.5000000000e+01,4.4882872943e-01,5.0990539165e-01,2.9722292216e-02,3.8832508902e-03,6.2085488711e-03,1.1996129575e-04,1.3318256524e-03,0.0000000000e+00
9.5500000000e+01,4.5480991680e-01,5.0383244437e-01,3.0038377357e-02,3.7863458701e-03,6.0767966074e-03,1.0832638337e-04,1.3477926136e-03,0.0000000000e+00
9.6000000000e+01,4.6198299407e-01,4.9697614353e-01,2.9844711858e-02,3.7380927713e-03,5.9933903476e-03,9.8822196041e-05,1.3658452210e-03,0.0000000000e+00
9.6500000000e+01,4.6917246586e-01,4.8992145013e-01,2.9770852920e-02,3.7109745644e-03,5.9424679025e-03,9.1506524181e-05,1.3902821067e-03,0.0000000000e+00
9.7000000000e+01,4.7190404732e-01,4.8721050385e-01,2.9884620715e-02,3.6475976796e-03,5.8405274428e-03,8.7249096651e-05,1.4254538955e-03,0.0000000000e+00
9.7500000000e+01,4.7789192409e-01,4.8131264940e-01,2.9929146479e-02,3.5863932087e-03,5.7301447578e-03,8.7195433311e-05,1.4625466338e-03,0.0000000000e+00
9.8000000000e+01,4.8205212766e-01,4.7734503174e-01,2.9879349886e-02,3.5526095257e-03,5.5959611247e-03,8.8352658080e-05,1.4865674093e-03,0.0000000000e+00
9.8500000000e+01,4.9006451493e-01,4.6988049738e-01,2.9620151533e-02,3.4437279969e-03,5.4045360565e-03,9.0038460433e-05,1.4965336365e-03,0.0000000000e+00
9.9000000000e+01,4.9444101812e-01,4.6601563488e-01,2.9354751202e-02,3.3597909649e-03,5.2305259213e-03,9.4286413917e-05,1.5039924950e-03,0.0000000000e+00
9.9500000000e+01,5.0063179425e-01,4.5990680173e-01,2.9414817745e-02,3.2957397905e-03,5.1157922012e-03,1.0194420518e-04,1.5331100715e-03,0.0000000000e+00
1.0000000000e+02,5.0266422897e-01,4.5783043235e-01,2.9537306788e-02,3.2356102070e-03,5.0572752145e-03,1.1121278034e-04,1.5639336922e-03,0.0000000000e+00

# METADATA: {"config_sha256": "85ed4115d72b", "provenance": "Hardened_JPCL_Resubmission_v1.3"}
