12410.000000,-87.700000,5.500000,-5.900000,6.700000,-13.700000,-9.900000
-87.700000,12530.000000,30.800000,8.200000,0.700000,11.800000,4.300000
5.500000,30.800000,12210.000000,-53.500000,-2.200000,-9.600000,6.000000
-5.900000,8.200000,-53.500000,12320.000000,-70.700000,-17.000000,-63.300000
6.700000,0.700000,-2.200000,-70.700000,12480.000000,81.100000,-1.300000
-13.700000,11.800000,-9.600000,-17.000000,81.100000,12630.000000,39.700000
-9.900000,4.300000,6.000000,-63.300000,-1.300000,39.700000,12440.000000
