time_fs,pop_1,pop_2,pop_3,coherence
0.000000000000000000e+00,1.000000000000000000e+00,0.000000000000000000e+00,0.000000000000000000e+00,0.000000000000000000e+00
2.000000000000000000e+00,9.990114428459417883e-01,9.849057670697017059e-04,3.651386988669511055e-06,6.662806913331142944e-02
4.000000000000000000e+00,9.958877629022256928e-01,4.098005928028897703e-03,1.423116974543163534e-05,1.353672462967816514e-01
6.000000000000000000e+00,9.910170780969573823e-01,8.952616434611463184e-03,3.030546843124328325e-05,1.995816134159256183e-01
8.000000000000000000e+00,9.849224296481348118e-01,1.502211971314902639e-02,5.545063871625613352e-05,2.530748001409224290e-01
1.000000000000000000e+01,9.786529225219090522e-01,2.126594411027676532e-02,8.113336781429667682e-05,3.023480259706832207e-01
1.200000000000000000e+01,9.766953616948252925e-01,2.317862897457712013e-02,1.260093305975467672e-04,3.238294535097521187e-01
1.400000000000000000e+01,9.723641253800732187e-01,2.747210132008489486e-02,1.637732998419134023e-04,3.517546209190862694e-01
1.600000000000000000e+01,9.649574045831293967e-01,3.479036830006691089e-02,2.522271168038557002e-04,4.013990503264444065e-01
1.800000000000000000e+01,9.601534133013033268e-01,3.955452274950207320e-02,2.920639491946681356e-04,4.242621682662790494e-01
2.000000000000000000e+01,9.586315526104495222e-01,4.111091845500516179e-02,2.575289345453647379e-04,4.297960437219836560e-01
2.200000000000000000e+01,9.473979733205237785e-01,5.228352066106287804e-02,3.185060184134811648e-04,4.846926253930952111e-01
2.400000000000000000e+01,9.396436018712194249e-01,5.998344192478764769e-02,3.729562039928079682e-04,5.180268072450556760e-01
2.600000000000000000e+01,9.390281376385396506e-01,6.046369597506889848e-02,5.081663863916007894e-04,5.278360669740762567e-01
2.800000000000000000e+01,9.322840914399659340e-01,6.711871720895837279e-02,5.971913510756203525e-04,5.542277858276106750e-01
3.000000000000000000e+01,9.268635284057907819e-01,7.249123527370908426e-02,6.452363205000069459e-04,5.652058158763246798e-01
3.200000000000000000e+01,9.130650923880374581e-01,8.601744342220396522e-02,9.174641897586736147e-04,6.211671617630711850e-01
3.400000000000000000e+01,8.977602299715201628e-01,1.011849682798536126e-01,1.054801748626351841e-03,6.733739035029300268e-01
3.600000000000000000e+01,8.774142261533781628e-01,1.212327874426288588e-01,1.352986403992981462e-03,7.278616990560913269e-01
3.800000000000000000e+01,8.510181517000809936e-01,1.470087793720985525e-01,1.973068927820530605e-03,8.108076908910570868e-01
4.000000000000000000e+01,8.167428069577731264e-01,1.805408212315479655e-01,2.716371810678840874e-03,8.977211498932866629e-01
4.200000000000000000e+01,7.720765688432502660e-01,2.246681926124624584e-01,3.255238544287451623e-03,9.727804818080201255e-01
4.400000000000000000e+01,7.461891660613999555e-01,2.501972874130960478e-01,3.613546525504219599e-03,9.943307442589428558e-01
4.600000000000000000e+01,7.196679555379658089e-01,2.759557043627217654e-01,4.376340099312482981e-03,1.017844301152990294e+00
4.800000000000000000e+01,6.870438993473138023e-01,3.079968442047138488e-01,4.959256447972341074e-03,1.035232743743482509e+00
5.000000000000000000e+01,6.497541716214991769e-01,3.440065660857852259e-01,6.239262292715600650e-03,1.091333854592682506e+00
5.200000000000000000e+01,5.917620966033525498e-01,3.997360501927289533e-01,8.501853203918503799e-03,1.171224091654641253e+00
5.400000000000000000e+01,5.787532597095377263e-01,4.119862378881411491e-01,9.260502402321102097e-03,1.172216787324492415e+00
5.600000000000000000e+01,5.426984090121800275e-01,4.476227510693701062e-01,9.678839918449757065e-03,1.143796468238754915e+00
5.800000000000000000e+01,5.097408344357957644e-01,4.793913312493091605e-01,1.086783431489518094e-02,1.116798928550565062e+00
6.000000000000000000e+01,4.741856851413293050e-01,5.132457719958973819e-01,1.256854286277342414e-02,1.156756956770251588e+00
6.200000000000000000e+01,4.491681220691519649e-01,5.377510953700046503e-01,1.308078256084346108e-02,1.095208423345575444e+00
6.400000000000000000e+01,4.029020179329956264e-01,5.842135832268551265e-01,1.288439884014939800e-02,1.060889073889418777e+00
6.600000000000000000e+01,3.646797550308403246e-01,6.222298996879894739e-01,1.309034528117014942e-02,9.703815627319587467e-01
6.800000000000000000e+01,3.308439578118397284e-01,6.566088720767143672e-01,1.254717011144605016e-02,9.258585676019948085e-01
7.000000000000000000e+01,3.307695150419648900e-01,6.540358224296615175e-01,1.519466252837371398e-02,8.945836752040701167e-01
7.200000000000000000e+01,2.803412732624945836e-01,7.026000735199375846e-01,1.705865321756786651e-02,8.185239516051419084e-01
7.400000000000000000e+01,2.404238620715371533e-01,7.424901963030063889e-01,1.708594162545658615e-02,8.252377318647692306e-01
7.600000000000000000e+01,2.102866897688061287e-01,7.677179925412677131e-01,2.199531768992614086e-02,8.330575845898573473e-01
7.800000000000000000e+01,1.875550424770312530e-01,7.895143799540973450e-01,2.293057756887147136e-02,8.255571390073288551e-01
8.000000000000000000e+01,1.789400538643659833e-01,8.012736233450439283e-01,1.978632279059014051e-02,7.623113497084741397e-01
8.200000000000000000e+01,1.388993196247525486e-01,8.431304488169417688e-01,1.797023155830577631e-02,7.131851049277231347e-01
8.400000000000000000e+01,1.445562896133951447e-01,8.381992835453723201e-01,1.724442684123252828e-02,7.081544651035505122e-01
8.600000000000000000e+01,1.539278851592427999e-01,8.264347161171553546e-01,1.963739872360170668e-02,7.262446650638848533e-01
8.800000000000000000e+01,1.440647989904101922e-01,8.377302552323016016e-01,1.820494577728837271e-02,6.583661875126671781e-01
9.000000000000000000e+01,1.562918862362548678e-01,8.283660511715795760e-01,1.534206259216557185e-02,6.548377981446658058e-01
9.200000000000000000e+01,1.478144691849406778e-01,8.384125398645829730e-01,1.377299095047639782e-02,6.166702283141798357e-01
9.400000000000000000e+01,1.556137347348695021e-01,8.316534695185922033e-01,1.273279574653826164e-02,6.103358008027259807e-01
9.600000000000000000e+01,1.940370511679716248e-01,7.925816382512682612e-01,1.338131058076007240e-02,6.517405559157793959e-01
9.800000000000000000e+01,2.232843820095640752e-01,7.645252707238818779e-01,1.219034726655410586e-02,6.221772434500649762e-01
