time_fs,population_site_1,population_site_2,population_site_3,population_site_4,population_site_5,population_site_6,population_site_7,coherences
0.0000000000e+00,1.0000000000e+00,0.0000000000e+00,0.0000000000e+00,0.0000000000e+00,0.0000000000e+00,0.0000000000e+00,0.0000000000e+00,0.0000000000e+00
5.0000000000e-01,9.9993038530e-01,6.6667078846e-05,2.2035424263e-07,2.1975998718e-07,3.1543104718e-07,1.4801016959e-06,7.1197653480e-07,2.3517468687e-02
1.0000000000e+00,9.9971662460e-01,2.7135933610e-04,8.8734331193e-07,8.9570293557e-07,1.2856420945e-06,6.0743213204e-06,2.8730494500e-06,4.7579225168e-02
1.5000000000e+00,9.9935437203e-01,6.1858531077e-04,1.9902839154e-06,2.0018550358e-06,2.8456687171e-06,1.3760690268e-05,6.4441577349e-06,7.1865012710e-02
2.0000000000e+00,9.9881931295e-01,1.1324560621e-03,3.6469396827e-06,3.5665982537e-06,5.1647171222e-06,2.4491369798e-05,1.1361365785e-05,9.7155370400e-02
2.5000000000e+00,9.9817024475e-01,1.7541289413e-03,5.6804333680e-06,5.5242444589e-06,8.0853974063e-06,3.8653115726e-05,1.7683116428e-05,1.2141013121e-01
3.0000000000e+00,9.9750494570e-01,2.3879540070e-03,8.1084730552e-06,7.7718946829e-06,1.1562239951e-05,5.3995077851e-05,2.5662604293e-05,1.4290645427e-01
3.5000000000e+00,9.9659607921e-01,3.2575869076e-03,1.1155535021e-05,1.0599613110e-05,1.6017464881e-05,7.3254697786e-05,3.5306569495e-05,1.6741665115e-01
4.0000000000e+00,9.9552545033e-01,4.2802278452e-03,1.5139279143e-05,1.3926092765e-05,2.1312967915e-05,9.7492651374e-05,4.6450837939e-05,1.9270922492e-01
4.5000000000e+00,9.9442753919e-01,5.3311003892e-03,1.8891472181e-05,1.7422811556e-05,2.6152335674e-05,1.2061742573e-04,5.8276372058e-05,2.1545153680e-01
5.0000000000e+00,9.9332240558e-01,6.3841591593e-03,2.3075803332e-05,2.1115444507e-05,3.1523667501e-05,1.4610467961e-04,7.1615662738e-05,2.3681089675e-01
5.5000000000e+00,9.9182128962e-01,7.8239111521e-03,2.8019626586e-05,2.5664809802e-05,3.7632666945e-05,1.7688989512e-04,8.6592228299e-05,2.6215015637e-01
6.0000000000e+00,9.9025706128e-01,9.3200055406e-03,3.3392767048e-05,3.0534797009e-05,4.4707994985e-05,2.1215858416e-04,1.0213903925e-04,2.8668121475e-01
6.5000000000e+00,9.8865080323e-01,1.0845366803e-02,4.1014731282e-05,3.6777797462e-05,5.3542454869e-05,2.5052936327e-04,1.2196561779e-04,3.1127287980e-01
7.0000000000e+00,9.8687965292e-01,1.2532473923e-02,4.8723666248e-05,4.3242077067e-05,6.3300649474e-05,2.9167140839e-04,1.4093535128e-04,3.3594063946e-01
7.5000000000e+00,9.8530042687e-01,1.4036919831e-02,5.5889947450e-05,4.8952267350e-05,7.3008337886e-05,3.2701968754e-04,1.5778305678e-04,3.5667146869e-01
8.0000000000e+00,9.8315742030e-01,1.6089211371e-02,6.5415041038e-05,5.5717683030e-05,8.3121933353e-05,3.7090998198e-04,1.7820368579e-04,3.8218591289e-01
8.5000000000e+00,9.8066835267e-01,1.8467676756e-02,7.6713750833e-05,6.4554394737e-05,9.5270898571e-05,4.2551078353e-04,2.0192074319e-04,4.1033325291e-01
9.0000000000e+00,9.7807996373e-01,2.0931952905e-02,8.8981343861e-05,7.5410968016e-05,1.0928265393e-04,4.8478122149e-04,2.2962718174e-04,4.3856041643e-01
9.5000000000e+00,9.7543452465e-01,2.3437124778e-02,1.0376326231e-04,8.6666123298e-05,1.2656904037e-04,5.5259189826e-04,2.5876025171e-04,4.6669599983e-01
1.0000000000e+01,9.7267215228e-01,2.6091715622e-02,1.1886463894e-04,9.6086486348e-05,1.3841948840e-04,6.0247522706e-04,2.8028625410e-04,4.9213043734e-01
1.0500000000e+01,9.6998275998e-01,2.8651824490e-02,1.3466803711e-04,1.0517416778e-04,1.5400859004e-04,6.6039762435e-04,3.1116711068e-04,5.1721737356e-01
1.1000000000e+01,9.6789798596e-01,3.0610894151e-02,1.4679300370e-04,1.1489633949e-04,1.6736154916e-04,7.2306482434e-04,3.3900416952e-04,5.3723125960e-01
1.1500000000e+01,9.6465408061e-01,3.3682814063e-02,1.6372942178e-04,1.2887810228e-04,1.8587915380e-04,7.9772264471e-04,3.8689600390e-04,5.6598286292e-01
1.2000000000e+01,9.6196192341e-01,3.6233563854e-02,1.7961263183e-04,1.4083363877e-04,2.0470049710e-04,8.6060467287e-04,4.1876129363e-04,5.8892104285e-01
1.2500000000e+01,9.5899598744e-01,3.9048663530e-02,2.0287984229e-04,1.5171142816e-04,2.2037276441e-04,9.2606719998e-04,4.5431779497e-04,6.1300795795e-01
1.3000000000e+01,9.5529152677e-01,4.2561117634e-02,2.3049278912e-04,1.6586658239e-04,2.4719468666e-04,1.0085933343e-03,4.9520820195e-04,6.4221300317e-01
1.3500000000e+01,9.5298002324e-01,4.4744386233e-02,2.4971799309e-04,1.7736262295e-04,2.6883629998e-04,1.0458137148e-03,5.3385989360e-04,6.6073879721e-01
1.4000000000e+01,9.5001062332e-01,4.7541985734e-02,2.7546186332e-04,1.9187013656e-04,2.9150979772e-04,1.1271638817e-03,5.6138526726e-04,6.8354617409e-01
1.4500000000e+01,9.4755461484e-01,4.9836834396e-02,2.9278257849e-04,2.0956329129e-04,3.1376284622e-04,1.2035156610e-03,5.8892638804e-04,7.0283158613e-01
1.5000000000e+01,9.4316305961e-01,5.3966422276e-02,3.2735557961e-04,2.3360247367e-04,3.4496381336e-04,1.3291305770e-03,6.3546567498e-04,7.3472207944e-01
1.5500000000e+01,9.4004359116e-01,5.6891642408e-02,3.6018920234e-04,2.4768508159e-04,3.7339094852e-04,1.4013035564e-03,6.8219764387e-04,7.5740369550e-01
1.6000000000e+01,9.3541433737e-01,6.1383865308e-02,3.8306232015e-04,2.5687067414e-04,4.0245838668e-04,1.4615197959e-03,6.9788614868e-04,7.8284922667e-01
1.6500000000e+01,9.3107194172e-01,6.5508969254e-02,4.1617212711e-04,2.7602608457e-04,4.3344435850e-04,1.5537377292e-03,7.3970872627e-04,8.0987679563e-01
1.7000000000e+01,9.2776158968e-01,6.8633412981e-02,4.3521394764e-04,2.9247018571e-04,4.6056390134e-04,1.6376753552e-03,7.7907395028e-04,8.3057653492e-01
1.7500000000e+01,9.2346817999e-01,7.2707270225e-02,4.7603354549e-04,3.0958114472e-04,4.8717411088e-04,1.7381585416e-03,8.1360243874e-04,8.5590339206e-01
1.8000000000e+01,9.1777718221e-01,7.8187552920e-02,5.1809187198e-04,3.2636436632e-04,5.2247519195e-04,1.8272247845e-03,8.4110865397e-04,8.8529398713e-01
1.8500000000e+01,9.1370235729e-01,8.1956540680e-02,5.6392496972e-04,3.4947308162e-04,5.6277412997e-04,1.9699619293e-03,8.9496791747e-04,9.1164568026e-01
1.9000000000e+01,9.1008292655e-01,8.5309498250e-02,6.1902996073e-04,3.8167807680e-04,5.9281295867e-04,2.0896916419e-03,9.2436256649e-04,9.3471877479e-01
1.9500000000e+01,9.0513024255e-01,9.0078942721e-02,6.5686411929e-04,4.0503021750e-04,6.2054365117e-04,2.1433992996e-03,9.6497743877e-04,9.5871572888e-01
2.0000000000e+01,9.0119830035e-01,9.3869772744e-02,6.7955658715e-04,4.3115457526e-04,6.4966234232e-04,2.1760425234e-03,9.9551088105e-04,9.7744687701e-01
2.0500000000e+01,8.9445904829e-01,1.0032122995e-01,7.4416929635e-04,4.5737472282e-04,6.9657467553e-04,2.2736523306e-03,1.0479507334e-03,1.0096099061e+00
2.1000000000e+01,8.9235141239e-01,1.0228101880e-01,7.7845423843e-04,4.7141979614e-04,7.2358058849e-04,2.3096791196e-03,1.0844350657e-03,1.0219699794e+00
2.1500000000e+01,8.8970081310e-01,1.0480332036e-01,8.1438109539e-04,4.7782039087e-04,7.3497955225e-04,2.3623401915e-03,1.1063453190e-03,1.0344617537e+00
2.2000000000e+01,8.8318595276e-01,1.1107311169e-01,8.8387781490e-04,5.1249581703e-04,7.7964448953e-04,2.4089478538e-03,1.1559695779e-03,1.0633231572e+00
2.2500000000e+01,8.7972550492e-01,1.1440652312e-01,9.2022061531e-04,5.2532062128e-04,8.1348746174e-04,2.4551872452e-03,1.1537560208e-03,1.0778378128e+00
2.3000000000e+01,8.7558385070e-01,1.1843997701e-01,9.7817296669e-04,5.3199793156e-04,8.3255530809e-04,2.4874827424e-03,1.1459633390e-03,1.0932276199e+00
2.3500000000e+01,8.7132075262e-01,1.2253709684e-01,1.0328147589e-03,5.6038907267e-04,8.5070939184e-04,2.5378644556e-03,1.1603728529e-03,1.1109677807e+00
2.4000000000e+01,8.6693332882e-01,1.2670549497e-01,1.0913304561e-03,5.8421994080e-04,9.0411177920e-04,2.6077329679e-03,1.1737810655e-03,1.1305796961e+00
2.4500000000e+01,8.6084065813e-01,1.3257183747e-01,1.1467568631e-03,6.2718107045e-04,9.4337214178e-04,2.6769499733e-03,1.1932443517e-03,1.1545058672e+00
2.5000000000e+01,8.5411875437e-01,1.3914570366e-01,1.2076613573e-03,6.4629466749e-04,9.4833532879e-04,2.7139081654e-03,1.2193424524e-03,1.1761882359e+00
2.5500000000e+01,8.4786229218e-01,1.4503757593e-01,1.2882902093e-03,6.8011860278e-04,1.0152490616e-03,2.8110928193e-03,1.3053811952e-03,1.2040876034e+00
2.6000000000e+01,8.4326245759e-01,1.4939097337e-01,1.3613241116e-03,7.1281381591e-04,1.0506503743e-03,2.8925218383e-03,1.3292589031e-03,1.2232424056e+00
2.6500000000e+01,8.3975589381e-01,1.5269142511e-01,1.4478705549e-03,7.3239395558e-04,1.0807939577e-03,2.9243701484e-03,1.3672524598e-03,1.2385617330e+00
2.7000000000e+01,8.3587350791e-01,1.5619887526e-01,1.5711632900e-03,7.6612409703e-04,1.1399237669e-03,3.0436521553e-03,1.4067535227e-03,1.2597209942e+00
2.7500000000e+01,8.2999356864e-01,1.6187390241e-01,1.6058855371e-03,7.9410377238e-04,1.1854619861e-03,3.1049880951e-03,1.4420895613e-03,1.2793648380e+00
2.8000000000e+01,8.2671272161e-01,1.6493079164e-01,1.6701676543e-03,8.2139079216e-04,1.2340954540e-03,3.1812041314e-03,1.4496287187e-03,1.2936727245e+00
2.8500000000e+01,8.2542809626e-01,1.6599144679e-01,1.7375267639e-03,8.7123419706e-04,1.2704993486e-03,3.2380122901e-03,1.4631843493e-03,1.3041744310e+00
2.9000000000e+01,8.1900263614e-01,1.7212177913e-01,1.8041209894e-03,9.2091155975e-04,1.3291686712e-03,3.3094679690e-03,1.5119155326e-03,1.3273144953e+00
2.9500000000e+01,8.0854293599e-01,1.8220419666e-01,1.9211122345e-03,9.5619074811e-04,1.3924832875e-03,3.4085643976e-03,1.5745166817e-03,1.3598364067e+00
3.0000000000e+01,7.9880233467e-01,1.9149042360e-01,2.0156833338e-03,1.0122033577e-03,1.4510183314e-03,3.6020298185e-03,1.6263068869e-03,1.3916676973e+00
3.0500000000e+01,7.9297794583e-01,1.9684228069e-01,2.1633313360e-03,1.0730698399e-03,1.5179103090e-03,3.7252811965e-03,1.7001807960e-03,1.4169685628e+00
3.1000000000e+01,7.8426181504e-01,2.0525239744e-01,2.2725289901e-03,1.1148199890e-03,1.5883481948e-03,3.7857798072e-03,1.7243105345e-03,1.4417220117e+00
3.1500000000e+01,7.7584028430e-01,2.1325047993e-01,2.3910034808e-03,1.1612771681e-03,1.6616153221e-03,3.9130073864e-03,1.7823324033e-03,1.4684133860e+00
3.2000000000e+01,7.6884656437e-01,2.1994552361e-01,2.4718771667e-03,1.1896232782e-03,1.7517411665e-03,3.9795580502e-03,1.8151123501e-03,1.4887366803e+00
3.2500000000e+01,7.6545657701e-01,2.2301177014e-01,2.5950308896e-03,1.2106173203e-03,1.8515063360e-03,4.0205266863e-03,1.8539716249e-03,1.5039102389e+00
3.3000000000e+01,7.5753678690e-01,2.3050447835e-01,2.7394134709e-03,1.2191309124e-03,1.9525099641e-03,4.1407992746e-03,1.9068811252e-03,1.5278910180e+00
3.3500000000e+01,7.5228668522e-01,2.3554144989e-01,2.8063372802e-03,1.2453051134e-03,1.9783598121e-03,4.2026944948e-03,1.9391681871e-03,1.5417205430e+00
3.4000000000e+01,7.4442847795e-01,2.4306798853e-01,2.9934265492e-03,1.2845475468e-03,2.0232380754e-03,4.2460957745e-03,1.9562255715e-03,1.5623892843e+00
3.4500000000e+01,7.4250821090e-01,2.4477093789e-01,3.0708608146e-03,1.3505240656e-03,2.0781056802e-03,4.2408858168e-03,1.9804748301e-03,1.5722005698e+00
3.5000000000e+01,7.3554306827e-01,2.5126933846e-01,3.2296432223e-03,1.3927019404e-03,2.1458808364e-03,4.3880502287e-03,2.0313170499e-03,1.5943249382e+00
3.5500000000e+01,7.3396776563e-01,2.5263474942e-01,3.3462111448e-03,1.4149010510e-03,2.2219873532e-03,4.3415644726e-03,2.0728209228e-03,1.6029479114e+00
3.6000000000e+01,7.2990338496e-01,2.5655321749e-01,3.5025627415e-03,1.4271978709e-03,2.2579320479e-03,4.3003796541e-03,2.0553252372e-03,1.6122513346e+00
3.6500000000e+01,7.2410128878e-01,2.6222195967e-01,3.5768637783e-03,1.4498232380e-03,2.3321215771e-03,4.2697068409e-03,2.0482361105e-03,1.6237308304e+00
3.7000000000e+01,7.1374856937e-01,2.7211343423e-01,3.8041046431e-03,1.5050526852e-03,2.4044893141e-03,4.3686489806e-03,2.0557007808e-03,1.6485120153e+00
3.7500000000e+01,7.0994228275e-01,2.7564575981e-01,3.9194341661e-03,1.5517420011e-03,2.4799458795e-03,4.3915831527e-03,2.0692522394e-03,1.6606671235e+00
3.8000000000e+01,7.0364899627e-01,2.8156449523e-01,4.1106085536e-03,1.5890579683e-03,2.5781122580e-03,4.4421362197e-03,2.0665935042e-03,1.6775617386e+00
3.8500000000e+01,6.9761881762e-01,2.8735911474e-01,4.2365958677e-03,1.6006425414e-03,2.6685569030e-03,4.4375057805e-03,2.0787665385e-03,1.6904463145e+00
3.9000000000e+01,6.9194349327e-01,2.9282379519e-01,4.3610805854e-03,1.6196776721e-03,2.7126455077e-03,4.4666791527e-03,2.0726286210e-03,1.7017150982e+00
3.9500000000e+01,6.8380888209e-01,3.0061422231e-01,4.5217207329e-03,1.6843190140e-03,2.7735025735e-03,4.5245704696e-03,2.0727828090e-03,1.7190405666e+00
4.0000000000e+01,6.7826652033e-01,3.0596252405e-01,4.6853205844e-03,1.6992784082e-03,2.8140070050e-03,4.5106471702e-03,2.0617024597e-03,1.7290855556e+00
4.0500000000e+01,6.7440640323e-01,3.0949237078e-01,4.8226137087e-03,1.7624462375e-03,2.9069426347e-03,4.5249675977e-03,2.0842558121e-03,1.7416969215e+00
4.1000000000e+01,6.6827439539e-01,3.1517776591e-01,5.1034602346e-03,1.8149771787e-03,2.9505063510e-03,4.5507593215e-03,2.1281356154e-03,1.7583832758e+00
4.1500000000e+01,6.6118660509e-01,3.2207902692e-01,5.1351576473e-03,1.8382293382e-03,3.0027990697e-03,4.6203658307e-03,2.1378161070e-03,1.7695485731e+00
4.2000000000e+01,6.5799762959e-01,3.2490887655e-01,5.3546100980e-03,1.8490504726e-03,3.0831195204e-03,4.6568652492e-03,2.1498485232e-03,1.7805150232e+00
4.2500000000e+01,6.5289043743e-01,3.2941736401e-01,5.6441629453e-03,1.9404736117e-03,3.1970381103e-03,4.7264219146e-03,2.1841019860e-03,1.7994959866e+00
4.3000000000e+01,6.4990673227e-01,3.3246981557e-01,5.5702588913e-03,1.9648322128e-03,3.2470599205e-03,4.6492996578e-03,2.1920014776e-03,1.8013321083e+00
4.3500000000e+01,6.4476513416e-01,3.3725139834e-01,5.7200176231e-03,2.0295766064e-03,3.3055147990e-03,4.7325329806e-03,2.1958254948e-03,1.8141218556e+00
4.4000000000e+01,6.4276967933e-01,3.3862046651e-01,6.0249112388e-03,2.0958783339e-03,3.3698979624e-03,4.8342281817e-03,2.2849384456e-03,1.8305429762e+00
4.4500000000e+01,6.3972736670e-01,3.4113063798e-01,6.2745389780e-03,2.1082223746e-03,3.4572026416e-03,4.9955183473e-03,2.3065129737e-03,1.8443631605e+00
4.5000000000e+01,6.3348793509e-01,3.4702569325e-01,6.4351512219e-03,2.1472395697e-03,3.5230425268e-03,5.0582986299e-03,2.3226397076e-03,1.8569005877e+00
4.5500000000e+01,6.2823390147e-01,3.5174587396e-01,6.7588304008e-03,2.2411382330e-03,3.5258218567e-03,5.1492994845e-03,2.3451345952e-03,1.8723821529e+00
4.6000000000e+01,6.1398155377e-01,3.6548458793e-01,7.0512848329e-03,2.3000769585e-03,3.5679604660e-03,5.2435824234e-03,2.3709536199e-03,1.8930316948e+00
4.6500000000e+01,6.0301882496e-01,3.7593926270e-01,7.3138182149e-03,2.3910146677e-03,3.6417094498e-03,5.2868070193e-03,2.4085629874e-03,1.9112369140e+00
4.7000000000e+01,5.9939307642e-01,3.7902886978e-01,7.6868895473e-03,2.4474025996e-03,3.6807201391e-03,5.2909640004e-03,2.4720775159e-03,1.9245517639e+00
4.7500000000e+01,5.9745587736e-01,3.8097702738e-01,7.7908949510e-03,2.4877404669e-03,3.6606857144e-03,5.1791956793e-03,2.4485784463e-03,1.9250669445e+00
4.8000000000e+01,5.8784812750e-01,3.9052270100e-01,7.8927246737e-03,2.5593674374e-03,3.6207130172e-03,5.1545952728e-03,2.4017711071e-03,1.9310728766e+00
4.8500000000e+01,5.8294724374e-01,3.9538307160e-01,7.9041333227e-03,2.6239008510e-03,3.6384234312e-03,5.0956960957e-03,2.4075309675e-03,1.9350681557e+00
4.9000000000e+01,5.7284707171e-01,4.0481121518e-01,8.2449183190e-03,2.6718160669e-03,3.8500991042e-03,5.1554765861e-03,2.4194030401e-03,1.9537363874e+00
4.9500000000e+01,5.7162902710e-01,4.0539971839e-01,8.5761196922e-03,2.7300952090e-03,3.9590465950e-03,5.2589725127e-03,2.4470205014e-03,1.9671314721e+00
5.0000000000e+01,5.7065633375e-01,4.0614414242e-01,8.7707860128e-03,2.7980085399e-03,4.0314218151e-03,5.1757380324e-03,2.4235694318e-03,1.9719239597e+00
5.0500000000e+01,5.5983248552e-01,4.1683596162e-01,8.7858611999e-03,2.8448395016e-03,4.1523504337e-03,5.1460293279e-03,2.4024723999e-03,1.9794468876e+00
5.1000000000e+01,5.5952281591e-01,4.1681974597e-01,8.9418994573e-03,2.8811996810e-03,4.2657219224e-03,5.1558755883e-03,2.4127414694e-03,1.9863412769e+00
5.1500000000e+01,5.5879050180e-01,4.1725688754e-01,9.1492073083e-03,2.9012998423e-03,4.3102324438e-03,5.2004087673e-03,2.3914623036e-03,1.9917277301e+00
5.2000000000e+01,5.5027759645e-01,4.2531608048e-01,9.2926436524e-03,3.0177255140e-03,4.4443591096e-03,5.2809206408e-03,2.3706741480e-03,2.0044236170e+00
5.2500000000e+01,5.4635867412e-01,4.2865451437e-01,9.5825405684e-03,3.0613507391e-03,4.6283711361e-03,5.2995601268e-03,2.4149889355e-03,2.0174142346e+00
5.3000000000e+01,5.3819576579e-01,4.3651549109e-01,9.9558460157e-03,3.0933556820e-03,4.6579459668e-03,5.1739985470e-03,2.4075969178e-03,2.0239655941e+00
5.3500000000e+01,5.3763418093e-01,4.3719443513e-01,9.8578620923e-03,3.0797802597e-03,4.7803617823e-03,5.0391517320e-03,2.4142280732e-03,2.0223359888e+00
5.4000000000e+01,5.3561678737e-01,4.3893796388e-01,1.0046267841e-02,3.0953740682e-03,4.8563095451e-03,5.1041743879e-03,2.3431229095e-03,2.0268556275e+00
5.4500000000e+01,5.3869556293e-01,4.3532388056e-01,1.0366661775e-02,3.2016953429e-03,4.8722774721e-03,5.1713179722e-03,2.3686039444e-03,2.0364171709e+00
5.5000000000e+01,5.3996309487e-01,4.3319835577e-01,1.0848802387e-02,3.3256449263e-03,5.0505761498e-03,5.2373590663e-03,2.3761668381e-03,2.0520397704e+00
5.5500000000e+01,5.3033138106e-01,4.4282911176e-01,1.0855568925e-02,3.3905894585e-03,5.0824126762e-03,5.1540974579e-03,2.3568386582e-03,2.0546014306e+00
5.6000000000e+01,5.2440416279e-01,4.4787561410e-01,1.1457361789e-02,3.4538842700e-03,5.2340832551e-03,5.2243119137e-03,2.3505818816e-03,2.0705925761e+00
5.6500000000e+01,5.1595127807e-01,4.5601245509e-01,1.1696384438e-02,3.5305852309e-03,5.2858947341e-03,5.1483338311e-03,2.3750686107e-03,2.0777218386e+00
5.7000000000e+01,5.1523198419e-01,4.5617537776e-01,1.1880485905e-02,3.6254124515e-03,5.4010841050e-03,5.2884365346e-03,2.3972190572e-03,2.0891167409e+00
5.7500000000e+01,5.1251189743e-01,4.5800341085e-01,1.2450755916e-02,3.7777012263e-03,5.5630619437e-03,5.3261122670e-03,2.3670603611e-03,2.1043741276e+00
5.8000000000e+01,5.0653535667e-01,4.6310680174e-01,1.3000199418e-02,3.9041819685e-03,5.7221877598e-03,5.3546276654e-03,2.3766447814e-03,2.1198356909e+00
5.8500000000e+01,4.9865007621e-01,4.7057362022e-01,1.3195325907e-02,4.0037741092e-03,5.8809743662e-03,5.2969232442e-03,2.3993059459e-03,2.1284120497e+00
5.9000000000e+01,4.9363972514e-01,4.7505989962e-01,1.3577076405e-02,3.9865504946e-03,6.0533355541e-03,5.3016451697e-03,2.3817676199e-03,2.1361564863e+00
5.9500000000e+01,4.8770941127e-01,4.8065318016e-01,1.3611371885e-02,4.0383558587e-03,6.2853614416e-03,5.3299717211e-03,2.3723476646e-03,2.1430433081e+00
6.0000000000e+01,4.7847670201e-01,4.8936118802e-01,1.4057178847e-02,4.1220847401e-03,6.4027315925e-03,5.2585574650e-03,2.3215573276e-03,2.1497220252e+00
6.0500000000e+01,4.7912346882e-01,4.8831846493e-01,1.4229050404e-02,4.1794835001e-03,6.5570632286e-03,5.2648760896e-03,2.3275930326e-03,2.1566633439e+00
6.1000000000e+01,4.7198889720e-01,4.9510902743e-01,1.4385700536e-02,4.1771539209e-03,6.8047655412e-03,5.2236296782e-03,2.3108256941e-03,2.1615057771e+00
6.1500000000e+01,4.5641990392e-01,5.1105553529e-01,1.4349551693e-02,4.1751154074e-03,6.7559350146e-03,4.9969855304e-03,2.2469731484e-03,2.1511962015e+00
6.2000000000e+01,4.4891999567e-01,5.1809786096e-01,1.4725561478e-02,4.2242115447e-03,6.9322360041e-03,4.8749554937e-03,2.2251788552e-03,2.1555993235e+00
6.2500000000e+01,4.4112262618e-01,5.2503410007e-01,1.5158071350e-02,4.3334799924e-03,7.3297110628e-03,4.8084125444e-03,2.2135987981e-03,2.1673877542e+00
6.3000000000e+01,4.3198709869e-01,5.3397108591e-01,1.5278335698e-02,4.4196453302e-03,7.5169898090e-03,4.6714475632e-03,2.1553970030e-03,2.1668028387e+00
6.3500000000e+01,4.2618124906e-01,5.3923347105e-01,1.5549201741e-02,4.5346968725e-03,7.7106915954e-03,4.6058170189e-03,2.1848726647e-03,2.1741224362e+00
6.4000000000e+01,4.1480269530e-01,5.5074362731e-01,1.5621905493e-02,4.5029315561e-03,7.6169162602e-03,4.5968986577e-03,2.1150254250e-03,2.1660120636e+00
6.4500000000e+01,4.0582897868e-01,5.5907048896e-01,1.6075694896e-02,4.6301283539e-03,7.7236382994e-03,4.5430946647e-03,2.1279761425e-03,2.1719929086e+00
6.5000000000e+01,4.0087235943e-01,5.6337094085e-01,1.6581567539e-02,4.6386202945e-03,7.9413667310e-03,4.4990293706e-03,2.0961157800e-03,2.1775721345e+00
6.5500000000e+01,3.9403556902e-01,5.6968252539e-01,1.7005820596e-02,4.6707027210e-03,8.0688902978e-03,4.4942030962e-03,2.0422888867e-03,2.1801663947e+00
6.6000000000e+01,3.9152899292e-01,5.7185754970e-01,1.7103811619e-02,4.7776925715e-03,8.3007551242e-03,4.3911936229e-03,2.0400044379e-03,2.1840076246e+00
6.6500000000e+01,3.8739394585e-01,5.7568779814e-01,1.7511182096e-02,4.7954691137e-03,8.2783599807e-03,4.2861456620e-03,2.0470991641e-03,2.1841865085e+00
6.7000000000e+01,3.7895132370e-01,5.8392229461e-01,1.7788821273e-02,4.8685160514e-03,8.3438953102e-03,4.1014903108e-03,2.0236587485e-03,2.1800187194e+00
6.7500000000e+01,3.7046862118e-01,5.9163901007e-01,1.7990591701e-02,5.0177374294e-03,8.8203847546e-03,4.0416113697e-03,2.0220434929e-03,2.1871703568e+00
6.8000000000e+01,3.6510642468e-01,5.9725567975e-01,1.7848616005e-02,4.9831388929e-03,8.9304001126e-03,3.8982381935e-03,1.9775023574e-03,2.1778745565e+00
6.8500000000e+01,3.6577988377e-01,5.9689358742e-01,1.7590947492e-02,4.9001477688e-03,9.0525370189e-03,3.8488190876e-03,1.9340774417e-03,2.1726022705e+00
6.9000000000e+01,3.6704680365e-01,5.9518912983e-01,1.7901415572e-02,4.8538960405e-03,9.2452282357e-03,3.9077857576e-03,1.8557409172e-03,2.1774405766e+00
6.9500000000e+01,3.6701663124e-01,5.9494135533e-01,1.8102466788e-02,4.8712403164e-03,9.4078840739e-03,3.8327136599e-03,1.8277085964e-03,2.1795809197e+00
7.0000000000e+01,3.6057594807e-01,6.0197294549e-01,1.7760743117e-02,4.8893461507e-03,9.4444863587e-03,3.5890213951e-03,1.7675094201e-03,2.1636853410e+00
7.0500000000e+01,3.5325695171e-01,6.0928577496e-01,1.7806313906e-02,4.8796965401e-03,9.5747680685e-03,3.4430579579e-03,1.7534368565e-03,2.1563762580e+00
7.1000000000e+01,3.4242454409e-01,6.1984653941e-01,1.8170527210e-02,4.8894337960e-03,9.5653675971e-03,3.4094417621e-03,1.6941461390e-03,2.1490261866e+00
7.1500000000e+01,3.3961365199e-01,6.2229565393e-01,1.8407882790e-02,4.9128102502e-03,9.6770720638e-03,3.4085172241e-03,1.6844117516e-03,2.1512792475e+00
7.2000000000e+01,3.3388130587e-01,6.2729912328e-01,1.8911323402e-02,5.0365160118e-03,9.8714342246e-03,3.3652769098e-03,1.6350203060e-03,2.1546560772e+00
7.2500000000e+01,3.3057369431e-01,6.3024877036e-01,1.9415647223e-02,4.9492018436e-03,9.9804327406e-03,3.2263691698e-03,1.6058843496e-03,2.1517071983e+00
7.3000000000e+01,3.3035360014e-01,6.3001724509e-01,1.9892920606e-02,4.9720979492e-03,1.0054135795e-02,3.1320306311e-03,1.5779697939e-03,2.1542261117e+00
7.3500000000e+01,3.3017542545e-01,6.3009632828e-01,1.9771303954e-02,5.0480854567e-03,1.0309937126e-02,3.0665603210e-03,1.5323594113e-03,2.1545848805e+00
7.4000000000e+01,3.2951434573e-01,6.3057377029e-01,2.0226602680e-02,5.0375957623e-03,1.0223582926e-02,2.9276413079e-03,1.4964613012e-03,2.1514059655e+00
7.4500000000e+01,3.2296545993e-01,6.3753135542e-01,2.0156949758e-02,5.0198612871e-03,1.0053244239e-02,2.8366250291e-03,1.4365043346e-03,2.1364741123e+00
7.5000000000e+01,3.1819062479e-01,6.4261123901e-01,2.0350540095e-02,4.9204724604e-03,9.7805656654e-03,2.7157851535e-03,1.4307728306e-03,2.1235300472e+00
7.5500000000e+01,3.1879034290e-01,6.4145850901e-01,2.0864959200e-02,5.1072598964e-03,9.7973651303e-03,2.5934927248e-03,1.3880711307e-03,2.1279574763e+00
7.6000000000e+01,3.1114552269e-01,6.4880621667e-01,2.1160917643e-02,5.0791324928e-03,9.9561441419e-03,2.5223715400e-03,1.3296948205e-03,2.1205007551e+00
7.6500000000e+01,3.1091227403e-01,6.4852620856e-01,2.1527143437e-02,5.1300539763e-03,1.0127303418e-02,2.4648728059e-03,1.3121437764e-03,2.1249667632e+00
7.7000000000e+01,3.0513918957e-01,6.5425110817e-01,2.1741346900e-02,5.1529511136e-03,1.0077295946e-02,2.3502781010e-03,1.2878302041e-03,2.1160625188e+00
7.7500000000e+01,2.9921251542e-01,6.6083166797e-01,2.1474651568e-02,5.0338246383e-03,9.9044624351e-03,2.2675097091e-03,1.2753682559e-03,2.0985235766e+00
7.8000000000e+01,2.9589243825e-01,6.6409455009e-01,2.1357285389e-02,5.0845904894e-03,1.0085765024e-02,2.2226378268e-03,1.2627329281e-03,2.0956125160e+00
7.8500000000e+01,3.0219140116e-01,6.5690104080e-01,2.1972921289e-02,5.1461783665e-03,1.0385890593e-02,2.1662632280e-03,1.2363045615e-03,2.1109857718e+00
7.9000000000e+01,3.0165879193e-01,6.5697751704e-01,2.2364055956e-02,5.2463509997e-03,1.0416330805e-02,2.0815211068e-03,1.2554321609e-03,2.1147671413e+00
7.9500000000e+01,2.9472460457e-01,6.6384474615e-01,2.2384773069e-02,5.2490635096e-03,1.0537429007e-02,2.0359081269e-03,1.2234755698e-03,2.1062976737e+00
8.0000000000e+01,3.0000279035e-01,6.5845448351e-01,2.2316411575e-02,5.3699082296e-03,1.0709088854e-02,1.9524288779e-03,1.1948886040e-03,2.1119846559e+00
8.0500000000e+01,2.9461256012e-01,6.6372399065e-01,2.2544114387e-02,5.3794150179e-03,1.0722704430e-02,1.8558039295e-03,1.1614114632e-03,2.1034998916e+00
8.1000000000e+01,3.0083195051e-01,6.5778966291e-01,2.2639534219e-02,5.2775316115e-03,1.0571636208e-02,1.7795860508e-03,1.1100984896e-03,2.1009680979e+00
8.1500000000e+01,3.0712071347e-01,6.5107008298e-01,2.3126436845e-02,5.2922353096e-03,1.0564344580e-02,1.7384295937e-03,1.0877572217e-03,2.1094174984e+00
8.2000000000e+01,3.0077625723e-01,6.5773448970e-01,2.3024393633e-02,5.2109505004e-03,1.0547011503e-02,1.6468203408e-03,1.0600770916e-03,2.0947929685e+00
8.2500000000e+01,3.0240243067e-01,6.5521460868e-01,2.3855032931e-02,5.2143610209e-03,1.0668427632e-02,1.5834385936e-03,1.0617004763e-03,2.1035520788e+00
8.3000000000e+01,3.0495358521e-01,6.5321514946e-01,2.3701321981e-02,5.1553785279e-03,1.0466345776e-02,1.4875771295e-03,1.0206419145e-03,2.0941456023e+00
8.3500000000e+01,3.0658345936e-01,6.5207233482e-01,2.3511321154e-02,5.1383726402e-03,1.0274330255e-02,1.4062976733e-03,1.0138841003e-03,2.0868057165e+00
8.4000000000e+01,3.1141465831e-01,6.4773469323e-01,2.3291328136e-02,5.0873584861e-03,1.0173696214e-02,1.3086581773e-03,9.8960744580e-04,2.0810917592e+00
8.4500000000e+01,3.0653631392e-01,6.5205505464e-01,2.3929589343e-02,5.1308926154e-03,1.0102624352e-02,1.2606397485e-03,9.8488537762e-04,2.0795997015e+00
8.5000000000e+01,2.9901883809e-01,6.5924116953e-01,2.4210279988e-02,5.1666234610e-03,1.0169880823e-02,1.2144195857e-03,9.7878851721e-04,2.0737752220e+00
8.5500000000e+01,3.0025801896e-01,6.5767715291e-01,2.4547380763e-02,5.1198778022e-03,1.0284497983e-02,1.1580853498e-03,9.5498623182e-04,2.0747846572e+00
8.6000000000e+01,3.0123956972e-01,6.5643220997e-01,2.4951625935e-02,5.0230589953e-03,1.0328730619e-02,1.0881126246e-03,9.3669213716e-04,2.0734112235e+00
8.6500000000e+01,3.0440961346e-01,6.5297238638e-01,2.5183836518e-02,5.0927453134e-03,1.0367790244e-02,1.0278118141e-03,9.4581627527e-04,2.0782490541e+00
8.7000000000e+01,3.0208619396e-01,6.5608370283e-01,2.4701874485e-02,4.9554157710e-03,1.0285187380e-02,9.5786363147e-04,9.2976194491e-04,2.0626187241e+00
8.7500000000e+01,2.9791325944e-01,6.6032205688e-01,2.4762055855e-02,4.8452438822e-03,1.0354107304e-02,9.0021881325e-04,9.0305782061e-04,2.0526849971e+00
8.8000000000e+01,3.0443305895e-01,6.5340657688e-01,2.5076667702e-02,4.8112773727e-03,1.0546934119e-02,8.4264961858e-04,8.8283536408e-04,2.0598719441e+00
8.8500000000e+01,3.0382209055e-01,6.5418623859e-01,2.5286769734e-02,4.7582860492e-03,1.0311301769e-02,7.7391540912e-04,8.6139790164e-04,2.0510669617e+00
8.9000000000e+01,3.0515249589e-01,6.5260504385e-01,2.5574005512e-02,4.7565591850e-03,1.0337653141e-02,7.2449916779e-04,8.4974324887e-04,2.0515671067e+00
8.9500000000e+01,3.0917146973e-01,6.4867729945e-01,2.5562749751e-02,4.5964430449e-03,1.0490693783e-02,6.7583604188e-04,8.2550820458e-04,2.0494594917e+00
9.0000000000e+01,3.1929912497e-01,6.3830083365e-01,2.5823280777e-02,4.5391163732e-03,1.0557744591e-02,6.4041497859e-04,8.3948465685e-04,2.0593622856e+00
9.0500000000e+01,3.1868872990e-01,6.3862402036e-01,2.6352752075e-02,4.5247161354e-03,1.0368711749e-02,5.9361156333e-04,8.4745821977e-04,2.0574909079e+00
9.1000000000e+01,3.2786428172e-01,6.2905231332e-01,2.6731882408e-02,4.5223352925e-03,1.0434977244e-02,5.5491735602e-04,8.3929266608e-04,2.0665217005e+00
9.1500000000e+01,3.3093979359e-01,6.2608121927e-01,2.6767255594e-02,4.4882235959e-03,1.0396331392e-02,4.9793913823e-04,8.2923742644e-04,2.0632044756e+00
9.2000000000e+01,3.2569033314e-01,6.3121496707e-01,2.6784146862e-02,4.5047174385e-03,1.0535824439e-02,4.5121063299e-04,8.1880041820e-04,2.0571110730e+00
9.2500000000e+01,3.2179607235e-01,6.3518356217e-01,2.6972650932e-02,4.4325536198e-03,1.0410282256e-02,4.0165785609e-04,8.0322082039e-04,2.0466971486e+00
9.3000000000e+01,3.2339429830e-01,6.3383405452e-01,2.7037288738e-02,4.3575422997e-03,1.0208126043e-02,3.5850617841e-04,8.1018392641e-04,2.0404540147e+00
9.3500000000e+01,3.3035519871e-01,6.2712374084e-01,2.7084015797e-02,4.2897467586e-03,1.0006578106e-02,3.2566387522e-04,8.1505590873e-04,2.0393508034e+00
9.4000000000e+01,3.2931423546e-01,6.2821904726e-01,2.7191851142e-02,4.2295048250e-03,9.9335349655e-03,2.8957051969e-04,8.2225583293e-04,2.0337099055e+00
9.4500000000e+01,3.3060698522e-01,6.2766664356e-01,2.6691906635e-02,4.0951895063e-03,9.8694417431e-03,2.5038835090e-04,8.1944498730e-04,2.0220464259e+00
9.5000000000e+01,3.3616243074e-01,6.2126459806e-01,2.7507027481e-02,4.1038597627e-03,9.8924083977e-03,2.2207996555e-04,8.4759558967e-04,2.0324349292e+00
9.5500000000e+01,3.4179959492e-01,6.1486715105e-01,2.8445339326e-02,4.0344564829e-03,9.7974929105e-03,1.9886061341e-04,8.5710469788e-04,2.0391165348e+00
9.6000000000e+01,3.5175955590e-01,6.0480562266e-01,2.8754026266e-02,3.9828382720e-03,9.6724109650e-03,1.7360096715e-04,8.5194497575e-04,2.0421563637e+00
9.6500000000e+01,3.5561014810e-01,6.0112422404e-01,2.8576274228e-02,3.9792588751e-03,9.7059869081e-03,1.5049367917e-04,8.5361416953e-04,2.0407769319e+00
9.7000000000e+01,3.5404921787e-01,6.0328940742e-01,2.8392286235e-02,3.8891667596e-03,9.3951944749e-03,1.3268992145e-04,8.5203731805e-04,2.0284293889e+00
9.7500000000e+01,3.4842168930e-01,6.0922444000e-01,2.8542092891e-02,3.7319573166e-03,9.1200386501e-03,1.1599975964e-04,8.4378208948e-04,2.0142230841e+00
9.8000000000e+01,3.5057928347e-01,6.0755035347e-01,2.8257069898e-02,3.7300228018e-03,8.9368609779e-03,1.0164979442e-04,8.4475958073e-04,2.0081666114e+00
9.8500000000e+01,3.5912533898e-01,5.9912686630e-01,2.8455641625e-02,3.6856214133e-03,8.6691215865e-03,8.9078440826e-05,8.4833165961e-04,2.0080505355e+00
9.9000000000e+01,3.5923353541e-01,6.0046486772e-01,2.7527181536e-02,3.4826608908e-03,8.4088448630e-03,7.5444389047e-05,8.0746519268e-04,1.9859370966e+00
9.9500000000e+01,3.6082105339e-01,5.9898859538e-01,2.7580722088e-02,3.3440257743e-03,8.3891330348e-03,6.6514207150e-05,8.0995612792e-04,1.9816203873e+00
1.0000000000e+02,3.6258540154e-01,5.9682450962e-01,2.7920040560e-02,3.2635102996e-03,8.5284846294e-03,6.0793829682e-05,8.1725951959e-04,1.9847726707e+00

# METADATA: {"config_sha256": "1012c2967159", "provenance": "Hardened_JPCL_Resubmission_v1.3", "git_commit_sha": "59f1af098a07"}
