time_fs,population_site_1,population_site_2,population_site_3,population_site_4,population_site_5,population_site_6,population_site_7,coherences
0.0000000000e+00,1.0000000000e+00,0.0000000000e+00,0.0000000000e+00,0.0000000000e+00,0.0000000000e+00,0.0000000000e+00,0.0000000000e+00,0.0000000000e+00
5.0000000000e-01,9.9992866413e-01,6.7824754361e-05,2.6917193626e-07,3.0909181582e-07,3.9634696576e-07,1.6628483623e-06,8.7365663946e-07,2.4403784424e-02
1.0000000000e+00,9.9971315143e-01,2.7285474334e-04,1.0751221145e-06,1.2423188937e-06,1.5866211311e-06,6.5811178425e-06,3.5086466503e-06,4.9034655691e-02
1.5000000000e+00,9.9935334721e-01,6.1516389641e-04,2.4177652460e-06,2.8037473125e-06,3.5610058284e-06,1.4823425506e-05,7.8829479752e-06,7.3818523102e-02
2.0000000000e+00,9.9885480585e-01,1.0896020609e-03,4.3164814076e-06,4.8997713879e-06,6.3069052147e-06,2.6197967786e-05,1.3870967178e-05,9.8461930341e-02
2.5000000000e+00,9.9820931666e-01,1.7042529278e-03,6.7511148764e-06,7.5765005180e-06,9.8837837776e-06,4.0636867636e-05,2.1582141549e-05,1.2337636655e-01
3.0000000000e+00,9.9744896404e-01,2.4265762245e-03,9.8667857709e-06,1.0937727033e-05,1.4262318005e-05,5.8288082926e-05,3.1104820762e-05,1.4793095565e-01
3.5000000000e+00,9.9654507499e-01,3.2848794407e-03,1.3513310290e-05,1.4865399283e-05,1.9694269804e-05,7.9149045353e-05,4.2823549343e-05,1.7285942833e-01
4.0000000000e+00,9.9546764851e-01,4.3088902507e-03,1.8086309781e-05,1.9281273570e-05,2.6195177569e-05,1.0378808476e-04,5.6110395049e-05,1.9860410706e-01
4.5000000000e+00,9.9427921411e-01,5.4383638384e-03,2.3005545092e-05,2.4615859783e-05,3.3124132517e-05,1.3111652175e-04,7.0559996771e-05,2.2375282503e-01
5.0000000000e+00,9.9300799807e-01,6.6478174383e-03,2.8068208907e-05,3.0422870594e-05,4.0513577280e-05,1.5858299033e-04,8.6596844098e-05,2.4790636374e-01
5.5000000000e+00,9.9146233491e-01,8.1200159078e-03,3.4431578159e-05,3.7064161542e-05,4.9158323248e-05,1.9221015623e-04,1.0478496065e-04,2.7439638498e-01
6.0000000000e+00,9.8983684212e-01,9.6671023284e-03,4.1366283581e-05,4.3810955272e-05,5.8260147219e-05,2.2956462672e-04,1.2305353611e-04,2.9992026249e-01
6.5000000000e+00,9.8818054680e-01,1.1232828781e-02,4.9781393969e-05,5.2196318947e-05,6.8852527714e-05,2.7100959343e-04,1.4478458836e-04,3.2507489817e-01
7.0000000000e+00,9.8631740057e-01,1.2998745047e-02,5.8520095739e-05,6.0401205052e-05,8.1046804450e-05,3.1460507527e-04,1.6928120531e-04,3.5094230210e-01
7.5000000000e+00,9.8439985511e-01,1.4818725749e-02,6.7506701639e-05,6.8500370682e-05,9.2525339241e-05,3.6125939191e-04,1.9162733476e-04,3.7552973805e-01
8.0000000000e+00,9.8221878381e-01,1.6893092256e-02,7.8946453896e-05,7.8172208392e-05,1.0629755654e-04,4.0855391433e-04,2.1615379772e-04,4.0176607544e-01
8.5000000000e+00,9.7990287238e-01,1.9096351110e-02,8.9926506172e-05,8.8617846704e-05,1.1984585563e-04,4.5929996069e-04,2.4308634205e-04,4.2784448559e-01
9.0000000000e+00,9.7741457442e-01,2.1461508637e-02,1.0227277724e-04,1.0012035976e-04,1.3450904319e-04,5.1557460505e-04,2.7144016158e-04,4.5440203627e-01
9.5000000000e+00,9.7472064137e-01,2.4019711605e-02,1.1720414171e-04,1.1348602286e-04,1.5247187659e-04,5.7493997545e-04,3.0154501263e-04,4.8203208462e-01
1.0000000000e+01,9.7188581338e-01,2.6720583673e-02,1.3345031959e-04,1.2624133572e-04,1.6742492028e-04,6.3259227302e-04,3.3389409608e-04,5.0900992213e-01
1.0500000000e+01,9.6884628632e-01,2.9615893502e-02,1.4985529537e-04,1.3999779283e-04,1.8684462073e-04,6.9357617070e-04,3.6754630281e-04,5.3659381242e-01
1.1000000000e+01,9.6604645771e-01,3.2273519643e-02,1.6652074401e-04,1.5362815455e-04,2.0574370756e-04,7.5042825106e-04,4.0370179306e-04,5.6144475616e-01
1.1500000000e+01,9.6307260275e-01,3.5082129483e-02,1.8552184513e-04,1.7011580376e-04,2.2497031728e-04,8.2197436012e-04,4.4268543900e-04,5.8742517606e-01
1.2000000000e+01,9.6002850087e-01,3.7953682467e-02,2.0524220950e-04,1.8671574215e-04,2.4685820655e-04,8.9589501894e-04,4.8310548722e-04,6.1319557159e-01
1.2500000000e+01,9.5680443985e-01,4.1005391352e-02,2.2711667989e-04,2.0285764152e-04,2.6808339311e-04,9.6489358398e-04,5.2721750191e-04,6.3908335185e-01
1.3000000000e+01,9.5321260559e-01,4.4406953003e-02,2.5328974456e-04,2.1990519197e-04,2.9133733137e-04,1.0431654334e-03,5.7274370987e-04,6.6666973609e-01
1.3500000000e+01,9.5026052546e-01,4.7182587799e-02,2.7763712766e-04,2.3638729438e-04,3.1674794877e-04,1.1113982892e-03,6.1471607634e-04,6.8972405406e-01
1.4000000000e+01,9.4681800956e-01,5.0434496752e-02,3.0234202971e-04,2.5356797966e-04,3.4135895792e-04,1.1971322373e-03,6.5309248063e-04,7.1458512832e-01
1.4500000000e+01,9.4325602816e-01,5.3789919675e-02,3.3197002318e-04,2.7738828017e-04,3.6642012558e-04,1.2892556949e-03,6.8901804435e-04,7.4007969087e-01
1.5000000000e+01,9.3947122834e-01,5.7365832047e-02,3.6354226070e-04,3.0039533901e-04,3.9248027700e-04,1.3690339192e-03,7.3748781910e-04,7.6611766315e-01
1.5500000000e+01,9.3562474239e-01,6.1010208264e-02,3.9389229050e-04,3.1994791845e-04,4.1950868059e-04,1.4497935251e-03,7.8190693195e-04,7.9095714944e-01
1.6000000000e+01,9.3105466916e-01,6.5382342600e-02,4.2680756894e-04,3.4111491071e-04,4.5067915248e-04,1.5262172985e-03,8.1816930572e-04,8.1807167632e-01
1.6500000000e+01,9.2678482911e-01,6.9445371961e-02,4.6145348469e-04,3.6165029879e-04,4.8019064469e-04,1.6110945567e-03,8.5540994566e-04,8.4327313240e-01
1.7000000000e+01,9.2247637739e-01,7.3533543155e-02,4.9767093273e-04,3.8476157685e-04,5.0751603141e-04,1.7020580010e-03,8.9807291067e-04,8.6852792870e-01
1.7500000000e+01,9.1862407113e-01,7.7177528113e-02,5.4201489623e-04,4.0919591335e-04,5.3443131067e-04,1.7760237695e-03,9.3673486526e-04,8.9114590636e-01
1.8000000000e+01,9.1378153985e-01,8.1782131877e-02,5.8762085008e-04,4.3864329316e-04,5.6679875356e-04,1.8640938323e-03,9.7917154438e-04,9.1786281960e-01
1.8500000000e+01,9.0846809069e-01,8.6820320450e-02,6.3364287900e-04,4.6768557494e-04,6.1046811766e-04,1.9712531695e-03,1.0285391238e-03,9.4692841805e-01
1.9000000000e+01,9.0453377962e-01,9.0493998926e-02,6.8438881017e-04,4.9441911484e-04,6.4889160604e-04,2.0668983016e-03,1.0776236255e-03,9.7040143520e-01
1.9500000000e+01,9.0025700741e-01,9.4558252719e-02,7.3229174691e-04,5.2239161215e-04,6.8238056969e-04,2.1259419173e-03,1.1217340287e-03,9.9280827483e-01
2.0000000000e+01,8.9593845362e-01,9.8652711764e-02,7.7194145196e-04,5.5468084464e-04,7.1258821750e-04,2.2076866558e-03,1.1619374429e-03,1.0147266665e+00
2.0500000000e+01,8.8985807334e-01,1.0442470488e-01,8.2929611063e-04,5.8906610908e-04,7.6467305591e-04,2.3111344732e-03,1.2230520377e-03,1.0446791924e+00
2.1000000000e+01,8.8674579302e-01,1.0731881938e-01,8.7080400807e-04,6.0812542095e-04,7.9471937421e-04,2.3888932385e-03,1.2728455654e-03,1.0616875732e+00
2.1500000000e+01,8.8302063141e-01,1.1079234713e-01,9.2928470806e-04,6.3470670839e-04,8.2621598802e-04,2.4800743837e-03,1.3167396805e-03,1.0813574786e+00
2.2000000000e+01,8.7807788129e-01,1.1550670124e-01,9.8587377217e-04,6.6477658498e-04,8.6004213098e-04,2.5474003202e-03,1.3573246601e-03,1.1033717693e+00
2.2500000000e+01,8.7452885783e-01,1.1889613989e-01,1.0268030380e-03,6.8290224769e-04,8.8968764486e-04,2.6021051595e-03,1.3735041864e-03,1.1188093347e+00
2.3000000000e+01,8.6919900953e-01,1.2401090691e-01,1.0889193291e-03,7.0486079018e-04,9.1642828345e-04,2.6757943342e-03,1.4040808211e-03,1.1402640156e+00
2.3500000000e+01,8.6504581683e-01,1.2797374487e-01,1.1476409775e-03,7.2850951040e-04,9.4970555825e-04,2.7162399230e-03,1.4383423230e-03,1.1580011362e+00
2.4000000000e+01,8.6148202640e-01,1.3128359435e-01,1.2182164037e-03,7.6231674094e-04,9.9374339689e-04,2.7895311351e-03,1.4705715809e-03,1.1760130282e+00
2.4500000000e+01,8.5764656187e-01,1.3487618240e-01,1.2766903459e-03,7.9682784399e-04,1.0406372750e-03,2.8605674691e-03,1.5025327930e-03,1.1938276853e+00
2.5000000000e+01,8.5164960962e-01,1.4059982408e-01,1.3432111574e-03,8.3032568141e-04,1.0793157447e-03,2.9474447476e-03,1.5502689682e-03,1.2175750861e+00
2.5500000000e+01,8.4701910997e-01,1.4494719908e-01,1.4184656707e-03,8.5713344551e-04,1.1235096165e-03,3.0428228821e-03,1.5917593349e-03,1.2374827288e+00
2.6000000000e+01,8.3975748981e-01,1.5186290993e-01,1.5081466634e-03,9.0175929709e-04,1.1769212864e-03,3.1560617838e-03,1.6367112265e-03,1.2649721406e+00
2.6500000000e+01,8.3631122007e-01,1.5505517101e-01,1.5962455665e-03,9.2718201419e-04,1.2123971753e-03,3.2202362655e-03,1.6775478984e-03,1.2807914515e+00
2.7000000000e+01,8.3360417035e-01,1.5747093948e-01,1.6955663919e-03,9.5535498239e-04,1.2620973150e-03,3.2974570041e-03,1.7144144772e-03,1.2965330111e+00
2.7500000000e+01,8.2942543566e-01,1.6135753017e-01,1.7620051819e-03,9.9563223764e-04,1.3205968212e-03,3.3738547214e-03,1.7649452080e-03,1.3150232513e+00
2.8000000000e+01,8.2348946994e-01,1.6695694283e-01,1.8517424246e-03,1.0430827572e-03,1.3823240594e-03,3.4751477066e-03,1.8012902820e-03,1.3382374910e+00
2.8500000000e+01,8.1860290657e-01,1.7154569711e-01,1.9266286270e-03,1.0794443864e-03,1.4365047452e-03,3.5846706347e-03,1.8241479302e-03,1.3571705457e+00
2.9000000000e+01,8.1321376387e-01,1.7664039559e-01,2.0032290488e-03,1.1308390218e-03,1.4978346867e-03,3.6583769666e-03,1.8555608152e-03,1.3768943845e+00
2.9500000000e+01,8.0708462076e-01,1.8251737531e-01,2.0904874586e-03,1.1647802433e-03,1.5525814002e-03,3.7076419761e-03,1.8825128492e-03,1.3968258019e+00
3.0000000000e+01,8.0127849779e-01,1.8799613817e-01,2.1692775738e-03,1.2153807226e-03,1.6124948192e-03,3.8084198682e-03,1.9197910655e-03,1.4177690832e+00
3.0500000000e+01,7.9579941993e-01,1.9310177781e-01,2.2835387691e-03,1.2676552715e-03,1.6741363046e-03,3.8925138642e-03,1.9809580557e-03,1.4395238342e+00
3.1000000000e+01,7.8974156966e-01,1.9884021426e-01,2.3744661058e-03,1.3073277490e-03,1.7374921493e-03,3.9943419242e-03,2.0045881506e-03,1.4594577798e+00
3.1500000000e+01,7.8291197949e-01,2.0516784111e-01,2.5030684499e-03,1.3584534655e-03,1.8360665558e-03,4.1398014609e-03,2.0827894658e-03,1.4854583614e+00
3.2000000000e+01,7.7761943627e-01,2.1011953358e-01,2.6122936353e-03,1.4050777089e-03,1.8940550442e-03,4.2326293938e-03,2.1169743706e-03,1.5040986609e+00
3.2500000000e+01,7.7189231149e-01,2.1546386425e-01,2.7372854730e-03,1.4476733542e-03,1.9708854969e-03,4.3345489032e-03,2.1534310296e-03,1.5244454461e+00
3.3000000000e+01,7.6612358531e-01,2.2085849363e-01,2.8838115528e-03,1.4819095510e-03,2.0462546200e-03,4.4021814729e-03,2.2037638627e-03,1.5444054324e+00
3.3500000000e+01,7.6185459031e-01,2.2476902432e-01,2.9907534750e-03,1.5257638805e-03,2.1264082821e-03,4.4823307370e-03,2.2511289928e-03,1.5611583214e+00
3.4000000000e+01,7.5630218596e-01,2.2998876086e-01,3.1411308726e-03,1.5662716916e-03,2.1756553373e-03,4.5558143401e-03,2.2701809442e-03,1.5787127482e+00
3.4500000000e+01,7.4974206900e-01,2.3614099979e-01,3.2667954795e-03,1.6272763891e-03,2.2723494815e-03,4.6503996140e-03,2.3001102554e-03,1.5998969550e+00
3.5000000000e+01,7.4497097536e-01,2.4048799020e-01,3.3988372268e-03,1.6934165481e-03,2.3530698361e-03,4.7405866332e-03,2.3551242022e-03,1.6183109519e+00
3.5500000000e+01,7.3865932597e-01,2.4634087652e-01,3.5574070652e-03,1.7646832804e-03,2.4655920707e-03,4.7982015427e-03,2.4139135524e-03,1.6401927453e+00
3.6000000000e+01,7.3649258115e-01,2.4822583281e-01,3.6771397199e-03,1.8136305272e-03,2.5419710526e-03,4.8041366506e-03,2.4447080966e-03,1.6509138846e+00
3.6500000000e+01,7.3283850741e-01,2.5165454207e-01,3.7893437751e-03,1.8626858058e-03,2.6028410414e-03,4.8014560793e-03,2.4506238198e-03,1.6618290924e+00
3.7000000000e+01,7.2394542405e-01,2.6013468853e-01,3.9568787022e-03,1.9221117637e-03,2.6853847888e-03,4.8746090318e-03,2.4809031322e-03,1.6838369343e+00
3.7500000000e+01,7.1745415238e-01,2.6618821643e-01,4.1142987524e-03,1.9934073559e-03,2.7763189068e-03,4.9551893351e-03,2.5184168438e-03,1.7033855414e+00
3.8000000000e+01,7.1319404962e-01,2.7015400153e-01,4.2446249709e-03,2.0432193882e-03,2.8402288879e-03,5.0122777787e-03,2.5115978210e-03,1.7161075223e+00
3.8500000000e+01,7.0875606495e-01,2.7448609744e-01,4.3126486590e-03,2.0562403826e-03,2.8719016739e-03,5.0122686967e-03,2.5047781949e-03,1.7239019290e+00
3.9000000000e+01,7.0409355062e-01,2.7893772028e-01,4.4513649005e-03,2.0884627169e-03,2.9161029901e-03,5.0180877511e-03,2.4947107413e-03,1.7346163218e+00
3.9500000000e+01,6.9832944425e-01,2.8429011963e-01,4.6269208205e-03,2.1638797671e-03,3.0053426483e-03,5.0622621326e-03,2.5220307486e-03,1.7513468085e+00
4.0000000000e+01,6.9323942347e-01,2.8905083737e-01,4.7770372487e-03,2.2150620277e-03,3.0764228819e-03,5.1233808946e-03,2.5178361095e-03,1.7640939694e+00
4.0500000000e+01,6.8931497576e-01,2.9255694672e-01,4.9377131362e-03,2.2862468344e-03,3.1633584127e-03,5.1982854486e-03,2.5424736919e-03,1.7790442985e+00
4.1000000000e+01,6.8242276309e-01,2.9900018612e-01,5.1662266122e-03,2.3382272349e-03,3.2275737843e-03,5.2840367253e-03,2.5609864351e-03,1.7969178431e+00
4.1500000000e+01,6.8001567308e-01,3.0112327884e-01,5.2938936446e-03,2.3745195911e-03,3.2819944882e-03,5.3445901296e-03,2.5660502319e-03,1.8057302818e+00
4.2000000000e+01,6.7852527669e-01,3.0238887827e-01,5.4513760865e-03,2.4129082661e-03,3.3451398376e-03,5.3153623833e-03,2.5610584694e-03,1.8125937103e+00
4.2500000000e+01,6.7240484637e-01,3.0816399618e-01,5.6294228122e-03,2.4957923953e-03,3.4475607707e-03,5.2985644001e-03,2.5598170724e-03,1.8267856981e+00
4.3000000000e+01,6.6573893020e-01,3.1450650559e-01,5.7254226423e-03,2.5583648867e-03,3.5599261931e-03,5.3274490853e-03,2.5834014081e-03,1.8412159497e+00
4.3500000000e+01,6.5844471498e-01,3.2139690063e-01,5.8805094911e-03,2.6351142418e-03,3.6641791976e-03,5.3744154301e-03,2.6041660303e-03,1.8572747821e+00
4.4000000000e+01,6.5330467460e-01,3.2595062945e-01,6.1374035834e-03,2.7171267025e-03,3.7741383731e-03,5.4631149621e-03,2.6529123263e-03,1.8753861347e+00
4.4500000000e+01,6.4608420906e-01,3.3254083306e-01,6.4032034561e-03,2.7973095689e-03,3.9063102996e-03,5.5752589187e-03,2.6928756438e-03,1.8953331474e+00
4.5000000000e+01,6.3910698175e-01,3.3911876190e-01,6.5800861290e-03,2.8547339243e-03,3.9969855460e-03,5.6363065522e-03,2.7061441990e-03,1.9090522298e+00
4.5500000000e+01,6.3518202511e-01,3.4268667074e-01,6.7775212478e-03,2.9274606997e-03,4.0623211404e-03,5.6459230645e-03,2.7180779945e-03,1.9201851908e+00
4.6000000000e+01,6.2544258267e-01,3.5206678790e-01,6.9642358390e-03,3.0136561075e-03,4.1065077036e-03,5.6858393738e-03,2.7203904071e-03,1.9346400052e+00
4.6500000000e+01,6.1905803335e-01,3.5809081692e-01,7.1662814115e-03,3.1205174569e-03,4.1730503783e-03,5.6619399877e-03,2.7293604994e-03,1.9467956917e+00
4.7000000000e+01,6.1531059485e-01,3.6154208984e-01,7.3790594533e-03,3.1730637588e-03,4.2103234547e-03,5.6649458420e-03,2.7199227977e-03,1.9554826172e+00
4.7500000000e+01,6.0941361359e-01,3.6710710744e-01,7.5566064946e-03,3.2629334455e-03,4.2740553796e-03,5.6665535452e-03,2.7191301039e-03,1.9667217633e+00
4.8000000000e+01,6.0281991380e-01,3.7351272443e-01,7.7226214796e-03,3.3454576153e-03,4.2950484913e-03,5.6069873636e-03,2.6972468143e-03,1.9741582801e+00
4.8500000000e+01,5.9861292780e-01,3.7736144553e-01,7.8833989079e-03,3.4418679766e-03,4.4060388386e-03,5.5747420746e-03,2.7195788689e-03,1.9848547533e+00
4.9000000000e+01,5.8924214066e-01,3.8634966980e-01,8.1027000367e-03,3.5033697480e-03,4.5102472742e-03,5.5590267317e-03,2.7328457546e-03,1.9977576701e+00
4.9500000000e+01,5.8007152135e-01,3.9494150494e-01,8.3558146836e-03,3.5799663686e-03,4.6174795856e-03,5.6601685492e-03,2.7735445230e-03,2.0141736714e+00
5.0000000000e+01,5.7588727543e-01,3.9874984525e-01,8.6206025761e-03,3.6551286809e-03,4.6821684234e-03,5.6168635200e-03,2.7881161119e-03,2.0239206716e+00
5.0500000000e+01,5.6551589419e-01,4.0880208665e-01,8.7099426009e-03,3.7278402920e-03,4.7765661265e-03,5.6800123097e-03,2.7876578350e-03,2.0349916391e+00
5.1000000000e+01,5.5814541368e-01,4.1581288216e-01,8.9580294249e-03,3.7650493039e-03,4.8511320384e-03,5.6928671481e-03,2.7746262452e-03,2.0441070137e+00
5.1500000000e+01,5.5158300443e-01,4.2214072172e-01,9.0599400225e-03,3.8028626982e-03,4.9023759575e-03,5.7273273645e-03,2.7837678023e-03,2.0507661818e+00
5.2000000000e+01,5.4251989625e-01,4.3071558111e-01,9.2989560760e-03,3.9010684387e-03,5.0107756687e-03,5.7640971700e-03,2.7896252859e-03,2.0631914960e+00
5.2500000000e+01,5.3746977251e-01,4.3536944658e-01,9.5158597738e-03,3.9319527976e-03,5.1927439598e-03,5.7392710920e-03,2.7809532826e-03,2.0716658297e+00
5.3000000000e+01,5.3154189488e-01,4.4096672158e-01,9.7649424105e-03,3.9731899390e-03,5.2512990408e-03,5.7283856395e-03,2.7735665051e-03,2.0786680384e+00
5.3500000000e+01,5.2696024953e-01,4.4538653220e-01,9.7996820416e-03,4.0182311929e-03,5.3796727598e-03,5.6885188842e-03,2.7671133916e-03,2.0831282895e+00
5.4000000000e+01,5.2278784184e-01,4.4916691508e-01,1.0022541626e-02,4.0781739557e-03,5.4989668429e-03,5.7001472911e-03,2.7454133607e-03,2.0911103950e+00
5.4500000000e+01,5.1591811118e-01,4.5529667250e-01,1.0415485866e-02,4.1799872787e-03,5.6689662045e-03,5.7608619124e-03,2.7599150572e-03,2.1068214971e+00
5.5000000000e+01,5.1145543275e-01,4.5912957192e-01,1.0740068530e-02,4.2753386025e-03,5.8262653764e-03,5.8112008423e-03,2.7621219763e-03,2.1188545790e+00
5.5500000000e+01,5.0689061292e-01,4.6337971418e-01,1.0911610630e-02,4.3736756698e-03,5.8897073406e-03,5.8013882365e-03,2.7532910214e-03,2.1253594572e+00
5.6000000000e+01,4.9942698138e-01,4.7029327482e-01,1.1258466027e-02,4.4281142522e-03,6.0463300722e-03,5.8311856773e-03,2.7156477736e-03,2.1349206822e+00
5.6500000000e+01,4.9430844948e-01,4.7506389833e-01,1.1428655446e-02,4.4918620601e-03,6.1438054338e-03,5.8520881503e-03,2.7112411035e-03,2.1412447849e+00
5.7000000000e+01,4.9022914572e-01,4.7885105088e-01,1.1584378628e-02,4.5888374467e-03,6.2208105404e-03,5.8073497906e-03,2.7184269999e-03,2.1461790370e+00
5.7500000000e+01,4.8594304413e-01,4.8243666780e-01,1.2008136009e-02,4.7308383597e-03,6.3920569549e-03,5.7722811563e-03,2.7169755854e-03,2.1584930630e+00
5.8000000000e+01,4.7915697772e-01,4.8862254277e-01,1.2362029267e-02,4.8192232370e-03,6.5707278362e-03,5.7608329124e-03,2.7076662651e-03,2.1682473875e+00
5.8500000000e+01,4.7341373117e-01,4.9420393755e-01,1.2434328369e-02,4.8813322093e-03,6.6792359446e-03,5.7052775307e-03,2.6821572328e-03,2.1704383230e+00
5.9000000000e+01,4.6891511226e-01,4.9839481034e-01,1.2673887614e-02,4.8887840516e-03,6.7886161149e-03,5.6590373151e-03,2.6797523052e-03,2.1745769756e+00
5.9500000000e+01,4.6222605257e-01,5.0486179884e-01,1.2820564004e-02,4.9312885707e-03,6.8972822704e-03,5.6072285634e-03,2.6557851836e-03,2.1766779652e+00
6.0000000000e+01,4.5672902897e-01,5.0961899805e-01,1.3298874583e-02,5.0626794986e-03,7.0513824232e-03,5.6028985058e-03,2.6361379759e-03,2.1875281759e+00
6.0500000000e+01,4.5241129197e-01,5.1372403376e-01,1.3477548270e-02,5.1143989365e-03,7.1523856307e-03,5.5130425610e-03,2.6072988740e-03,2.1889529546e+00
6.1000000000e+01,4.4766129651e-01,5.1796612373e-01,1.3749045005e-02,5.1655940613e-03,7.3676071633e-03,5.5116869159e-03,2.5786466056e-03,2.1956464605e+00
6.1500000000e+01,4.4002584760e-01,5.2547451884e-01,1.3951163443e-02,5.2191843665e-03,7.3942281674e-03,5.4060979952e-03,2.5289595885e-03,2.1943987562e+00
6.2000000000e+01,4.3496430343e-01,5.3009818741e-01,1.4245165166e-02,5.2800345563e-03,7.5452633367e-03,5.3470365637e-03,2.5200095455e-03,2.1993808383e+00
6.2500000000e+01,4.2687793976e-01,5.3771313862e-01,1.4508079037e-02,5.3530537779e-03,7.7645653658e-03,5.2857201513e-03,2.4975032812e-03,2.2035650542e+00
6.3000000000e+01,4.2054634770e-01,5.4336566984e-01,1.5045896919e-02,5.4630966777e-03,7.9484687115e-03,5.1769839636e-03,2.4535361864e-03,2.2097134329e+00
6.3500000000e+01,4.1444570039e-01,5.4895252908e-01,1.5328935360e-02,5.5862491199e-03,8.0820623165e-03,5.1597824044e-03,2.4447413336e-03,2.2151592153e+00
6.4000000000e+01,4.0624609250e-01,5.5710900787e-01,1.5405154732e-02,5.5981630110e-03,8.1134132488e-03,5.1144641837e-03,2.4137044476e-03,2.2114346982e+00
6.4500000000e+01,4.0022387799e-01,5.6251118952e-01,1.5883774807e-02,5.6459921221e-03,8.3156115753e-03,5.0170343199e-03,2.4025196626e-03,2.2165273064e+00
6.5000000000e+01,3.9655911857e-01,5.6579304803e-01,1.6247686452e-02,5.6195946804e-03,8.4724580314e-03,4.9357266346e-03,2.3723675932e-03,2.2183002038e+00
6.5500000000e+01,3.9246950553e-01,5.6944184225e-01,1.6498372990e-02,5.7209446253e-03,8.6094373554e-03,4.8996830681e-03,2.3602141864e-03,2.2215937713e+00
6.6000000000e+01,3.9107489828e-01,5.7038675296e-01,1.6732289151e-02,5.7942074768e-03,8.8367986892e-03,4.8182847021e-03,2.3567687468e-03,2.2256257549e+00
6.6500000000e+01,3.8594336982e-01,5.7513411560e-01,1.7042173225e-02,5.8916353533e-03,8.9602606108e-03,4.6886386329e-03,2.3398067603e-03,2.2276073649e+00
6.7000000000e+01,3.8045442291e-01,5.8029029226e-01,1.7399363534e-02,5.9511919023e-03,9.0180856608e-03,4.5698845062e-03,2.3167592322e-03,2.2278042409e+00
6.7500000000e+01,3.7467790528e-01,5.8572352443e-01,1.7606706266e-02,5.9711164327e-03,9.2580033013e-03,4.4741226520e-03,2.2886216443e-03,2.2279932564e+00
6.8000000000e+01,3.7118318203e-01,5.8908931620e-01,1.7865611822e-02,5.9730295886e-03,9.2913167784e-03,4.3501509327e-03,2.2473926528e-03,2.2246001300e+00
6.8500000000e+01,3.6967383857e-01,5.9050002851e-01,1.7966820351e-02,5.9536276429e-03,9.4310603446e-03,4.2681956217e-03,2.2064289575e-03,2.2220438393e+00
6.9000000000e+01,3.6803293414e-01,5.9192411724e-01,1.8181875999e-02,5.9048441872e-03,9.5507443368e-03,4.2429480299e-03,2.1625360742e-03,2.2216842309e+00
6.9500000000e+01,3.6650504957e-01,5.9318714314e-01,1.8482642308e-02,5.8991673045e-03,9.6008397448e-03,4.1669296328e-03,2.1582283035e-03,2.2225988605e+00
7.0000000000e+01,3.6109370667e-01,5.9857966434e-01,1.8578266665e-02,5.9323319287e-03,9.6498001470e-03,4.0501706845e-03,2.1160595611e-03,2.2167398112e+00
7.0500000000e+01,3.5757889364e-01,6.0146162676e-01,1.9054877299e-02,6.0471603876e-03,9.7680102829e-03,3.9946455054e-03,2.0947861221e-03,2.2214034255e+00
7.1000000000e+01,3.5193258853e-01,6.0669086225e-01,1.9416032748e-02,6.1280477721e-03,9.8214393033e-03,3.9389952560e-03,2.0720341439e-03,2.2214433538e+00
7.1500000000e+01,3.4691055621e-01,6.1144117169e-01,1.9733600757e-02,6.1540873890e-03,9.8503628291e-03,3.8594320251e-03,2.0507890918e-03,2.2193012230e+00
7.2000000000e+01,3.4382772040e-01,6.1427816983e-01,2.0056846881e-02,6.1572794300e-03,9.8901193401e-03,3.7767425463e-03,2.0131215699e-03,2.2168509180e+00
7.2500000000e+01,3.4181446253e-01,6.1597555729e-01,2.0429712349e-02,6.1662371623e-03,9.9438859865e-03,3.6850974268e-03,1.9850472503e-03,2.2160632069e+00
7.3000000000e+01,3.3895900747e-01,6.1823905138e-01,2.0983805759e-02,6.2173497007e-03,1.0016736253e-02,3.6256860966e-03,1.9583633457e-03,2.2186586053e+00
7.3500000000e+01,3.3416588623e-01,6.2301441388e-01,2.1017711230e-02,6.2033763259e-03,1.0180595256e-02,3.5106917690e-03,1.9073253031e-03,2.2122083562e+00
7.4000000000e+01,3.2905387393e-01,6.2802671326e-01,2.1290073772e-02,6.1598427306e-03,1.0198159109e-02,3.3948778651e-03,1.8764593332e-03,2.2064725807e+00
7.4500000000e+01,3.2574006623e-01,6.3116641051e-01,2.1621063904e-02,6.1814008178e-03,1.0173084033e-02,3.3107793774e-03,1.8071951337e-03,2.2014855253e+00
7.5000000000e+01,3.2186185947e-01,6.3476161951e-01,2.2036906696e-02,6.1754919404e-03,1.0142684701e-02,3.2353556061e-03,1.7860820774e-03,2.1989773228e+00
7.5500000000e+01,3.2010707072e-01,6.3611132370e-01,2.2483518530e-02,6.3156048987e-03,1.0136477851e-02,3.1137295734e-03,1.7322747206e-03,2.1986750995e+00
7.6000000000e+01,3.1591618428e-01,6.4036635164e-01,2.2523250697e-02,6.2931994179e-03,1.0221104560e-02,3.0071645360e-03,1.6727448667e-03,2.1896553554e+00
7.6500000000e+01,3.1509340153e-01,6.4070596744e-01,2.2901107140e-02,6.3059414339e-03,1.0426569652e-02,2.9010284897e-03,1.6659843164e-03,2.1920583873e+00
7.7000000000e+01,3.0878559013e-01,6.4700806229e-01,2.3071231455e-02,6.2885673460e-03,1.0440738965e-02,2.7800563255e-03,1.6257534890e-03,2.1819194764e+00
7.7500000000e+01,3.0489424496e-01,6.5084984208e-01,2.3311960442e-02,6.2195058780e-03,1.0427650190e-02,2.6942089977e-03,1.6025874491e-03,2.1747423595e+00
7.8000000000e+01,3.0392802710e-01,6.5184905462e-01,2.3323685706e-02,6.2598522829e-03,1.0472007969e-02,2.5847301131e-03,1.5826422019e-03,2.1711362745e+00
7.8500000000e+01,3.0349115486e-01,6.5162038778e-01,2.4019383244e-02,6.3376497820e-03,1.0531376811e-02,2.4697436917e-03,1.5303038308e-03,2.1731458863e+00
7.9000000000e+01,3.0245690450e-01,6.5262975074e-01,2.4160658019e-02,6.3120527576e-03,1.0571858006e-02,2.3519658506e-03,1.5168101215e-03,2.1696411153e+00
7.9500000000e+01,3.0036656259e-01,6.5466947013e-01,2.4268936455e-02,6.2997305192e-03,1.0628459150e-02,2.2681028094e-03,1.4987383445e-03,2.1647984929e+00
8.0000000000e+01,3.0042931349e-01,6.5466873857e-01,2.4376300224e-02,6.2058883337e-03,1.0680812467e-02,2.1663325073e-03,1.4726144147e-03,2.1595326821e+00
8.0500000000e+01,2.9689936289e-01,6.5801313534e-01,2.4752773410e-02,6.1860677129e-03,1.0617905340e-02,2.0777658646e-03,1.4529894392e-03,2.1528107521e+00
8.1000000000e+01,2.9605212621e-01,6.5911675761e-01,2.4746447745e-02,6.1210927831e-03,1.0562972773e-02,1.9828471810e-03,1.4177556916e-03,2.1436523465e+00
8.1500000000e+01,2.9721040348e-01,6.5791688881e-01,2.4895083290e-02,6.1527510970e-03,1.0534974905e-02,1.8946017867e-03,1.3952966323e-03,2.1425063097e+00
8.2000000000e+01,2.9699292984e-01,6.5832321886e-01,2.4997485092e-02,6.0709908210e-03,1.0454558581e-02,1.7871405488e-03,1.3736762583e-03,2.1346359329e+00
8.2500000000e+01,2.9708000372e-01,6.5774775492e-01,2.5533329093e-02,6.0780067694e-03,1.0489203273e-02,1.7092940636e-03,1.3624081636e-03,2.1373569281e+00
8.3000000000e+01,2.9707007754e-01,6.5827961163e-01,2.5424398186e-02,5.9344954949e-03,1.0349426076e-02,1.6179394083e-03,1.3240516722e-03,2.1250796036e+00
8.3500000000e+01,2.9634205253e-01,6.5915216055e-01,2.5570736235e-02,5.8914582865e-03,1.0210347922e-02,1.5242743914e-03,1.3089700856e-03,2.1186303870e+00
8.4000000000e+01,2.9835189892e-01,6.5715063169e-01,2.5748336562e-02,5.8186782685e-03,1.0195091753e-02,1.4369679729e-03,1.2983948353e-03,2.1164382131e+00
8.4500000000e+01,2.9516851167e-01,6.6022089680e-01,2.5952423185e-02,5.8124842249e-03,1.0194486090e-02,1.3711437801e-03,1.2800542479e-03,2.1116489284e+00
8.5000000000e+01,2.9467841614e-01,6.6039123823e-01,2.6311562886e-02,5.7591135722e-03,1.0287315350e-02,1.3018231797e-03,1.2705306374e-03,2.1109755311e+00
8.5500000000e+01,2.9717750453e-01,6.5792826419e-01,2.6413957963e-02,5.7238582924e-03,1.0284292831e-02,1.2220927540e-03,1.2500294358e-03,2.1088723820e+00
8.6000000000e+01,2.9913885729e-01,6.5591722720e-01,2.6744730782e-02,5.6452364452e-03,1.0181101724e-02,1.1474222372e-03,1.2254243239e-03,2.1040869576e+00
8.6500000000e+01,2.9864906902e-01,6.5610805861e-01,2.7118885295e-02,5.5981943811e-03,1.0228460784e-02,1.0851327107e-03,1.2121992005e-03,2.1031144863e+00
8.7000000000e+01,2.9953415784e-01,6.5535106731e-01,2.7253642930e-02,5.4946204509e-03,1.0164340312e-02,1.0107016857e-03,1.1914694673e-03,2.0971398467e+00
8.7500000000e+01,2.9874745298e-01,6.5622861012e-01,2.7311014524e-02,5.3797974713e-03,1.0206189763e-02,9.4336726280e-04,1.1835678864e-03,2.0903476883e+00
8.8000000000e+01,3.0313901953e-01,6.5175651227e-01,2.7538649571e-02,5.3322328356e-03,1.0190593559e-02,8.7312067644e-04,1.1698715579e-03,2.0900028448e+00
8.8500000000e+01,3.0329944024e-01,6.5111790392e-01,2.8125849175e-02,5.3517595772e-03,1.0105981616e-02,8.2624479262e-04,1.1728206750e-03,2.0919014496e+00
8.9000000000e+01,3.0536987963e-01,6.4918962051e-01,2.8097693268e-02,5.2915171578e-03,1.0122608446e-02,7.6821296214e-04,1.1604680254e-03,2.0884688292e+00
8.9500000000e+01,3.0860688945e-01,6.4599864150e-01,2.8116221212e-02,5.2029238288e-03,1.0202642172e-02,7.1543058964e-04,1.1572512496e-03,2.0876863725e+00
9.0000000000e+01,3.1289291572e-01,6.4141407379e-01,2.8529829136e-02,5.1377660576e-03,1.0167535172e-02,6.7939978993e-04,1.1784803405e-03,2.0920979219e+00
9.0500000000e+01,3.1491645518e-01,6.3927758210e-01,2.8788734232e-02,5.1158564721e-03,1.0086810318e-02,6.3002435663e-04,1.1845373426e-03,2.0913911652e+00
9.1000000000e+01,3.1930796772e-01,6.3473621954e-01,2.9032371871e-02,5.0334813700e-03,1.0119413263e-02,5.8536349476e-04,1.1851827389e-03,2.0935702759e+00
9.1500000000e+01,3.2403767910e-01,6.2990596745e-01,2.9194064908e-02,4.9920427818e-03,1.0147890042e-02,5.3926271075e-04,1.1830930019e-03,2.0951137028e+00
9.2000000000e+01,3.2403113007e-01,6.2982411846e-01,2.9315792112e-02,4.9390993444e-03,1.0206977724e-02,4.9498357005e-04,1.1878987186e-03,2.0922911641e+00
9.2500000000e+01,3.2418305565e-01,6.2986973192e-01,2.9273746036e-02,4.8511373476e-03,1.0179990727e-02,4.5319875056e-04,1.1891395720e-03,2.0864685951e+00
9.3000000000e+01,3.2778001385e-01,6.2608312863e-01,2.9610430482e-02,4.8135148747e-03,1.0089481991e-02,4.1949137932e-04,1.2039387938e-03,2.0875558975e+00
9.3500000000e+01,3.3156426201e-01,6.2240803896e-01,2.9636237530e-02,4.7793544327e-03,1.0008936170e-02,3.8959456539e-04,1.2135763321e-03,2.0868169032e+00
9.4000000000e+01,3.3461874736e-01,6.1917633432e-01,2.9834034826e-02,4.7255646229e-03,1.0056923584e-02,3.6063766894e-04,1.2277576142e-03,2.0882442811e+00
9.4500000000e+01,3.3910048481e-01,6.1534447408e-01,2.9444571787e-02,4.6126746818e-03,9.9633786264e-03,3.2688368849e-04,1.2075323262e-03,2.0802442589e+00
9.5000000000e+01,3.4569001352e-01,6.0823749338e-01,2.9970772194e-02,4.5944297923e-03,9.9809166266e-03,3.0482984314e-04,1.2215446433e-03,2.0873249297e+00
9.5500000000e+01,3.4997507014e-01,6.0382376649e-01,3.0322107792e-02,4.4885048891e-03,9.8788256443e-03,2.8214735070e-04,1.2295776932e-03,2.0871304254e+00
9.6000000000e+01,3.5538295458e-01,5.9864740391e-01,3.0165359700e-02,4.4422804643e-03,9.8602013404e-03,2.6140353176e-04,1.2403964708e-03,2.0859936639e+00
9.6500000000e+01,3.6094242115e-01,5.9311663629e-01,3.0128491542e-02,4.4207482555e-03,9.8917499998e-03,2.4268622223e-04,1.2572665384e-03,2.0873631709e+00
9.7000000000e+01,3.6215648157e-01,5.9194871132e-01,3.0221053063e-02,4.3460641218e-03,9.8186660800e-03,2.2796901178e-04,1.2810548325e-03,2.0861858393e+00
9.7500000000e+01,3.6659559691e-01,5.8757514685e-01,3.0278996497e-02,4.2796609100e-03,9.7406380288e-03,2.2075756917e-04,1.3092032309e-03,2.0865114216e+00
9.8000000000e+01,3.6937492513e-01,5.8500473154e-01,3.0223381439e-02,4.2422160084e-03,9.6166299019e-03,2.1351512881e-04,1.3246008462e-03,2.0842177426e+00
9.8500000000e+01,3.7584260489e-01,5.7909332119e-01,3.0001169352e-02,4.1202286434e-03,9.4083438082e-03,2.0536000392e-04,1.3289721112e-03,2.0789007157e+00
9.9000000000e+01,3.7879120200e-01,5.7673117740e-01,2.9718496537e-02,4.0212206302e-03,9.2070143127e-03,2.0069454070e-04,1.3301945757e-03,2.0719557007e+00
9.9500000000e+01,3.8362245310e-01,5.7195826361e-01,2.9799378515e-02,3.9492057822e-03,9.1173518976e-03,2.0172049941e-04,1.3516265922e-03,2.0722872477e+00
1.0000000000e+02,3.8436166175e-01,5.7118241815e-01,2.9892062322e-02,3.8729886375e-03,9.1139359668e-03,2.0435345817e-04,1.3725797150e-03,2.0745425759e+00

# METADATA: {"config_sha256": "85ed4115d72b", "provenance": "Hardened_JPCL_Resubmission_v1.3"}
