time_fs,population_site_1,population_site_2,population_site_3,population_site_4,population_site_5,population_site_6,population_site_7,coherences
0.0000000000e+00,1.0000000000e+00,0.0000000000e+00,0.0000000000e+00,0.0000000000e+00,0.0000000000e+00,0.0000000000e+00,0.0000000000e+00,0.0000000000e+00
5.0000000000e-01,9.9992878468e-01,6.7744129328e-05,2.6660228310e-07,3.0598748231e-07,3.9332239809e-07,1.6437897317e-06,8.6149115211e-07,0.0000000000e+00
1.0000000000e+00,9.9971011145e-01,2.7574261847e-04,1.0732938552e-06,1.2470947879e-06,1.6031000534e-06,6.7460741529e-06,3.4763677291e-06,0.0000000000e+00
1.5000000000e+00,9.9933960418e-01,6.2857460179e-04,2.4063049774e-06,2.7869517262e-06,3.5482501522e-06,1.5282399038e-05,7.7973132517e-06,0.0000000000e+00
2.0000000000e+00,9.9879250720e-01,1.1507356624e-03,4.4063818413e-06,4.9646708135e-06,6.4396250818e-06,2.7199585762e-05,1.3746872005e-05,0.0000000000e+00
2.5000000000e+00,9.9812862139e-01,1.7824290699e-03,6.8577973165e-06,7.6883275707e-06,1.0080816792e-05,4.2927008255e-05,2.1395594258e-05,0.0000000000e+00
3.0000000000e+00,9.9744751298e-01,2.4264625439e-03,9.7801658849e-06,1.0814367657e-05,1.4415329237e-05,5.9965054389e-05,3.1049560716e-05,0.0000000000e+00
3.5000000000e+00,9.9651769208e-01,3.3100817009e-03,1.3441420306e-05,1.4745478392e-05,1.9968930919e-05,8.1353682824e-05,4.2716707456e-05,0.0000000000e+00
4.0000000000e+00,9.9542223296e-01,4.3491421552e-03,1.8219859380e-05,1.9367240475e-05,2.6568930981e-05,1.0827057967e-04,5.6198270809e-05,0.0000000000e+00
4.5000000000e+00,9.9429915587e-01,5.4168643568e-03,2.2705204037e-05,2.4222067918e-05,3.2599253068e-05,1.3394997084e-04,7.0503275028e-05,0.0000000000e+00
5.0000000000e+00,9.9316799859e-01,6.4867801838e-03,2.7693612568e-05,2.9344721707e-05,3.9291102301e-05,1.6225276850e-04,8.6639025684e-05,0.0000000000e+00
5.5000000000e+00,9.9163315803e-01,7.9495221354e-03,3.3573233879e-05,3.5653249383e-05,4.6900585554e-05,1.9643859312e-04,1.0475417458e-04,0.0000000000e+00
6.0000000000e+00,9.9003333306e-01,9.4694510708e-03,3.9942392922e-05,4.2401216397e-05,5.5712678388e-05,2.3560208028e-04,1.2355750352e-04,0.0000000000e+00
6.5000000000e+00,9.8838848587e-01,1.1019036165e-02,4.8970492458e-05,5.1047419310e-05,6.6714495444e-05,2.7820945209e-04,1.4753610526e-04,0.0000000000e+00
7.0000000000e+00,9.8657583828e-01,1.2732870715e-02,5.8066546956e-05,5.9990794203e-05,7.8863963383e-05,3.2389322475e-04,1.7047647804e-04,0.0000000000e+00
7.5000000000e+00,9.8495956960e-01,1.4261133464e-02,6.6480577972e-05,6.7878445634e-05,9.0947640346e-05,3.6314118803e-04,1.9084908579e-04,0.0000000000e+00
8.0000000000e+00,9.8276842807e-01,1.6345756304e-02,7.7656764074e-05,7.7218594192e-05,1.0353146987e-04,4.1186806441e-04,2.1554072927e-04,0.0000000000e+00
8.5000000000e+00,9.8022286255e-01,1.8761497730e-02,9.0884083775e-05,8.9412079996e-05,1.1864367982e-04,4.7248451340e-04,2.4421536741e-04,0.0000000000e+00
9.0000000000e+00,9.7757414558e-01,2.1264211147e-02,1.0519946826e-04,1.0438190426e-04,1.3606976999e-04,5.3828240282e-04,2.7770972737e-04,0.0000000000e+00
9.5000000000e+00,9.7486537711e-01,2.3808271547e-02,1.2242162381e-04,1.1988190342e-04,1.5756698322e-04,6.1355710659e-04,3.1292372809e-04,0.0000000000e+00
1.0000000000e+01,9.7204301437e-01,2.6504061804e-02,1.3994469674e-04,1.3282287690e-04,1.7229225519e-04,6.6892773481e-04,3.3893626498e-04,0.0000000000e+00
1.0500000000e+01,9.6929164922e-01,2.9103701279e-02,1.5821521895e-04,1.4528623239e-04,1.9166578961e-04,7.3322296494e-04,3.7625929252e-04,0.0000000000e+00
1.1000000000e+01,9.6715528961e-01,3.1093050750e-02,1.7210086109e-04,1.5860938718e-04,2.0825154480e-04,8.0279436571e-04,4.0990347669e-04,0.0000000000e+00
1.1500000000e+01,9.6383419336e-01,3.4211791298e-02,1.9154961093e-04,1.7778310322e-04,2.3125201919e-04,8.8565358908e-04,4.6777701692e-04,0.0000000000e+00
1.2000000000e+01,9.6107833299e-01,3.6801490986e-02,2.0969036904e-04,1.9413432079e-04,2.5462622874e-04,9.5545107534e-04,5.0627403107e-04,0.0000000000e+00
1.2500000000e+01,9.5804389776e-01,3.9659368067e-02,2.3636402800e-04,2.0896304313e-04,2.7406755871e-04,1.0281105711e-03,5.4922897196e-04,0.0000000000e+00
1.3000000000e+01,9.5425353550e-01,4.3224553059e-02,2.6798663355e-04,2.2825759456e-04,3.0735666893e-04,1.1196970816e-03,5.9861345924e-04,0.0000000000e+00
1.3500000000e+01,9.5188478806e-01,4.5441051463e-02,2.8977161668e-04,2.4385741565e-04,3.3420254099e-04,1.1610265317e-03,6.4530236698e-04,0.0000000000e+00
1.4000000000e+01,9.4884454027e-01,4.8280694181e-02,3.1903298442e-04,2.6355553269e-04,3.6232301855e-04,1.2513318679e-03,6.7852214669e-04,0.0000000000e+00
1.4500000000e+01,9.4632601628e-01,5.0610163823e-02,3.3845951731e-04,2.8758471753e-04,3.8991239930e-04,1.3361037037e-03,7.1175956065e-04,0.0000000000e+00
1.5000000000e+01,9.4182984009e-01,5.4800195101e-02,3.7771252350e-04,3.2025457688e-04,4.2858802593e-04,1.4754936360e-03,7.6791605065e-04,0.0000000000e+00
1.5500000000e+01,9.3863347305e-01,5.7768739954e-02,4.1484174462e-04,3.3922088280e-04,4.6380755120e-04,1.5556002551e-03,8.2431655866e-04,0.0000000000e+00
1.6000000000e+01,9.3391539647e-01,6.2327386691e-02,4.4038108056e-04,3.5142475705e-04,4.9979565662e-04,1.6224249865e-03,8.4319035279e-04,0.0000000000e+00
1.6500000000e+01,9.2947623641e-01,6.6512435508e-02,4.7757380306e-04,3.7721738911e-04,5.3814555384e-04,1.7247620466e-03,8.9362928820e-04,0.0000000000e+00
1.7000000000e+01,9.2608858516e-01,6.9682863382e-02,4.9853412640e-04,3.9926333666e-04,5.7169499818e-04,1.8179443954e-03,9.4111459842e-04,0.0000000000e+00
1.7500000000e+01,9.2170108337e-01,7.3815646109e-02,5.4432684449e-04,4.2216472345e-04,6.0458746643e-04,1.9294584895e-03,9.8273300032e-04,0.0000000000e+00
1.8000000000e+01,9.1589755086e-01,7.9374187889e-02,5.9137942255e-04,4.4455320559e-04,6.4823523696e-04,2.0282488161e-03,1.0158445647e-03,0.0000000000e+00
1.8500000000e+01,9.1172018982e-01,8.3196220785e-02,6.4260082245e-04,4.7550141985e-04,6.9807582201e-04,2.1866241349e-03,1.0807871917e-03,0.0000000000e+00
1.9000000000e+01,9.0800932731e-01,8.6596824260e-02,7.0425688423e-04,5.1874710838e-04,7.3518514232e-04,2.3194709732e-03,1.1161883232e-03,0.0000000000e+00
1.9500000000e+01,9.0295656498e-01,9.1433923512e-02,7.4611870816e-04,5.4987021173e-04,7.6940194997e-04,2.3790048289e-03,1.1651158087e-03,0.0000000000e+00
2.0000000000e+01,8.9894250682e-01,9.5279616305e-02,7.7071654540e-04,5.8470851159e-04,8.0536029935e-04,2.4152005800e-03,1.2018909430e-03,0.0000000000e+00
2.0500000000e+01,8.9206704811e-01,1.0181904549e-01,8.4267600449e-04,6.1956370041e-04,8.6331828837e-04,2.5233315671e-03,1.2650168428e-03,0.0000000000e+00
2.1000000000e+01,8.8990293575e-01,1.0380983823e-01,8.8025411559e-04,6.3791885877e-04,8.9667039078e-04,2.5633748164e-03,1.3090078398e-03,0.0000000000e+00
2.1500000000e+01,8.8719514185e-01,1.0637137914e-01,9.1963238840e-04,6.4589364281e-04,9.1066601460e-04,2.6218778321e-03,1.3354091249e-03,0.0000000000e+00
2.2000000000e+01,8.8055086594e-01,1.1272613379e-01,9.9671200580e-04,6.9195788143e-04,9.6578262806e-04,2.6734164052e-03,1.3951313483e-03,0.0000000000e+00
2.2500000000e+01,8.7702086905e-01,1.1610952813e-01,1.0363639214e-03,7.0851167192e-04,1.0075787063e-03,2.7247501447e-03,1.3923983814e-03,0.0000000000e+00
2.3000000000e+01,8.7280573464e-01,1.2020265907e-01,1.1002651709e-03,7.1674182563e-04,1.0310705452e-03,2.7605980722e-03,1.3829306699e-03,0.0000000000e+00
2.3500000000e+01,8.6845664885e-01,1.2435870781e-01,1.1603154785e-03,7.5417004565e-04,1.0534204509e-03,2.8164898385e-03,1.4002475306e-03,0.0000000000e+00
2.4000000000e+01,8.6397444889e-01,1.2858585917e-01,1.2246011389e-03,7.8537609980e-04,1.1194098304e-03,2.8939687098e-03,1.4163361619e-03,0.0000000000e+00
2.4500000000e+01,8.5776291086e-01,1.3453154031e-01,1.2852580723e-03,8.4216479915e-04,1.1678393906e-03,2.9706148446e-03,1.4396717226e-03,0.0000000000e+00
2.5000000000e+01,8.5092938305e-01,1.4119555875e-01,1.3519308487e-03,8.6682629465e-04,1.1738034445e-03,3.0114816042e-03,1.4710160113e-03,0.0000000000e+00
2.5500000000e+01,8.4453515658e-01,1.4716309821e-01,1.4405004165e-03,9.1111191061e-04,1.2564110894e-03,3.1191051080e-03,1.5746166882e-03,0.0000000000e+00
2.6000000000e+01,8.3983565963e-01,1.5157728309e-01,1.5204872280e-03,9.5379816984e-04,1.3000610733e-03,3.2094140051e-03,1.6032967993e-03,0.0000000000e+00
2.6500000000e+01,8.3624718148e-01,1.5492738315e-01,1.6154902157e-03,9.7886735093e-04,1.3372457803e-03,3.2447986011e-03,1.6490334193e-03,0.0000000000e+00
2.7000000000e+01,8.3225916114e-01,1.5848287561e-01,1.7513248834e-03,1.0227440356e-03,1.4102668080e-03,3.3770953180e-03,1.6965322017e-03,0.0000000000e+00
2.7500000000e+01,8.2626752956e-01,1.6423494101e-01,1.7882837254e-03,1.0588202685e-03,1.4664405411e-03,3.4450221656e-03,1.7389627288e-03,0.0000000000e+00
2.8000000000e+01,8.2290482517e-01,1.6733896693e-01,1.8581939662e-03,1.0939339945e-03,1.5265099073e-03,3.5296225423e-03,1.7479474815e-03,0.0000000000e+00
2.8500000000e+01,8.2155721076e-01,1.6842366251e-01,1.9315458503e-03,1.1590309014e-03,1.5715137998e-03,3.5927899952e-03,1.7642461810e-03,0.0000000000e+00
2.9000000000e+01,8.1500095344e-01,1.7463317027e-01,2.0037699330e-03,1.2236662631e-03,1.6438958506e-03,3.6717921940e-03,1.8227520411e-03,0.0000000000e+00
2.9500000000e+01,8.0436207049e-01,1.8483656011e-01,2.1316259080e-03,1.2689263251e-03,1.7218639561e-03,3.7811482286e-03,1.8978049765e-03,0.0000000000e+00
3.0000000000e+01,7.9444385501e-01,1.9423124763e-01,2.2344365265e-03,1.3415638979e-03,1.7939131559e-03,3.9951740000e-03,1.9598097791e-03,0.0000000000e+00
3.0500000000e+01,7.8847846234e-01,1.9964840943e-01,2.3960538802e-03,1.4205460622e-03,1.8764021605e-03,4.1315804510e-03,2.0485456755e-03,0.0000000000e+00
3.1000000000e+01,7.7961244537e-01,2.0815998269e-01,2.5148406299e-03,1.4740238999e-03,1.9632093006e-03,4.1982297331e-03,2.0772683719e-03,0.0000000000e+00
3.1500000000e+01,7.7103295278e-01,2.1625063748e-01,2.6437335282e-03,1.5335885013e-03,2.0534859900e-03,4.3388165877e-03,2.1467851403e-03,0.0000000000e+00
3.2000000000e+01,7.6390764075e-01,2.2302914650e-01,2.7310652183e-03,1.5691838352e-03,2.1646760519e-03,4.4123106473e-03,2.1859770031e-03,0.0000000000e+00
3.2500000000e+01,7.6041719378e-01,2.2614411636e-01,2.8652362019e-03,1.5951269665e-03,2.2879358665e-03,4.4577467551e-03,2.2326440727e-03,0.0000000000e+00
3.3000000000e+01,7.5234959214e-01,2.3372440316e-01,3.0224696566e-03,1.6044022256e-03,2.4124930753e-03,4.5906239934e-03,2.2960157567e-03,0.0000000000e+00
3.3500000000e+01,7.4699658835e-01,2.3883370650e-01,3.0944214763e-03,1.6370032029e-03,2.4443684925e-03,4.6591576171e-03,2.3347543681e-03,0.0000000000e+00
3.4000000000e+01,7.3900223293e-01,2.4645111398e-01,3.2985704706e-03,1.6865893998e-03,2.4996115645e-03,4.7068762941e-03,2.3550053558e-03,0.0000000000e+00
3.4500000000e+01,7.3699801546e-01,2.4819529230e-01,3.3822366925e-03,1.7713869599e-03,2.5675540806e-03,4.7012943866e-03,2.3842201218e-03,0.0000000000e+00
3.5000000000e+01,7.2989019894e-01,2.5476997711e-01,3.5549660319e-03,1.8245962938e-03,2.6510927767e-03,4.8640306337e-03,2.4451382148e-03,0.0000000000e+00
3.5500000000e+01,7.2823646637e-01,2.5617678293e-01,3.6816741324e-03,1.8518023595e-03,2.7453143872e-03,4.8127991591e-03,2.4951606686e-03,0.0000000000e+00
3.6000000000e+01,7.2408678003e-01,2.6016409503e-01,3.8519990848e-03,1.8659299297e-03,2.7898692163e-03,4.7672744505e-03,2.4740522587e-03,0.0000000000e+00
3.6500000000e+01,7.1817954129e-01,2.6591497884e-01,3.9319250016e-03,1.8934510726e-03,2.8816054245e-03,4.7331513680e-03,2.4653470045e-03,0.0000000000e+00
3.7000000000e+01,7.0766044282e-01,2.7591042853e-01,4.1793731702e-03,1.9632030122e-03,2.9707362790e-03,4.8420047826e-03,2.4738113987e-03,0.0000000000e+00
3.7500000000e+01,7.0374931744e-01,2.7950274015e-01,4.3044299956e-03,2.0219715095e-03,3.0641796820e-03,4.8673560063e-03,2.4900052083e-03,0.0000000000e+00
3.8000000000e+01,6.9732701116e-01,2.8549729249e-01,4.5124066115e-03,2.0682736606e-03,3.1855093452e-03,4.9229744305e-03,2.4865322997e-03,0.0000000000e+00
3.8500000000e+01,6.9118173716e-01,2.9137253661e-01,4.6488400257e-03,2.0810242859e-03,3.2973988565e-03,4.9175036243e-03,2.5009594396e-03,0.0000000000e+00
3.9000000000e+01,6.8539896374e-01,2.9691885269e-01,4.7836740835e-03,2.1034522442e-03,3.3521031349e-03,4.9495545511e-03,2.4933995590e-03,0.0000000000e+00
3.9500000000e+01,6.7712507606e-01,3.0479894117e-01,4.9577252395e-03,2.1848267811e-03,3.4272510543e-03,5.0129832385e-03,2.4931964506e-03,0.0000000000e+00
4.0000000000e+01,6.7147811223e-01,3.1023017456e-01,5.1353758848e-03,2.2018167972e-03,3.4775563423e-03,4.9972649913e-03,2.4796991943e-03,0.0000000000e+00
4.0500000000e+01,6.6750197688e-01,3.1382032334e-01,5.2842436497e-03,2.2812065351e-03,3.5927186161e-03,5.0128567201e-03,2.5066742578e-03,0.0000000000e+00
4.1000000000e+01,6.6123869708e-01,3.1957802084e-01,5.5900499892e-03,2.3465623612e-03,3.6466888236e-03,5.0408244576e-03,2.5591564472e-03,0.0000000000e+00
4.1500000000e+01,6.5403304103e-01,3.2657068829e-01,5.6229484635e-03,2.3739821568e-03,3.7114938098e-03,5.1173272250e-03,2.5705190196e-03,0.0000000000e+00
4.2000000000e+01,6.5073766568e-01,3.2946113824e-01,5.8619610030e-03,2.3855289922e-03,3.8112592359e-03,5.1575172739e-03,2.5849295803e-03,0.0000000000e+00
4.2500000000e+01,6.4548588183e-01,3.3402434320e-01,6.1771372433e-03,2.5007122558e-03,3.9522919739e-03,5.2338015234e-03,2.6258319766e-03,0.0000000000e+00
4.3000000000e+01,6.4241976555e-01,3.3715651800e-01,6.0953539416e-03,2.5297185623e-03,4.0149624968e-03,5.1482902636e-03,2.6353911849e-03,0.0000000000e+00
4.3500000000e+01,6.3715598784e-01,3.4200862991e-01,6.2577215127e-03,2.6104156601e-03,4.0876701296e-03,5.2397869461e-03,2.6397880022e-03,0.0000000000e+00
4.4000000000e+01,6.3503280116e-01,3.4341727970e-01,6.5901168355e-03,2.6930703026e-03,4.1679368950e-03,5.3519378594e-03,2.7468572478e-03,0.0000000000e+00
4.4500000000e+01,6.3187132869e-01,3.4598109488e-01,6.8620438631e-03,2.7062595874e-03,4.2765328624e-03,5.5300049668e-03,2.7727351498e-03,0.0000000000e+00
4.5000000000e+01,6.2550856297e-01,3.5195303250e-01,7.0362035994e-03,2.7534700851e-03,4.3583314012e-03,5.5985383312e-03,2.7918611191e-03,0.0000000000e+00
4.5500000000e+01,6.2012556957e-01,3.5673555630e-01,7.3887278941e-03,2.8709820664e-03,4.3622062296e-03,5.6982957253e-03,2.8186622120e-03,0.0000000000e+00
4.6000000000e+01,6.0571447386e-01,3.7057483443e-01,7.7051701503e-03,2.9427987859e-03,4.4137107391e-03,5.8002454635e-03,2.8487665738e-03,0.0000000000e+00
4.6500000000e+01,5.9460314494e-01,3.8110793298e-01,7.9893391919e-03,3.0555926350e-03,4.5047082112e-03,5.8460565627e-03,2.8932254852e-03,0.0000000000e+00
4.7000000000e+01,5.9085468609e-01,3.8425181354e-01,8.3958607865e-03,3.1246829600e-03,4.5537115292e-03,5.8498465008e-03,2.9693985936e-03,0.0000000000e+00
4.7500000000e+01,5.8883698073e-01,3.8628232163e-01,8.5094716586e-03,3.1735301846e-03,4.5302116954e-03,5.7261091424e-03,2.9413749677e-03,0.0000000000e+00
4.8000000000e+01,5.7912807143e-01,3.9592848827e-01,8.6187798922e-03,3.2615227866e-03,4.4810480096e-03,5.6974147835e-03,2.8846748348e-03,0.0000000000e+00
4.8500000000e+01,5.7412987998e-01,4.0087204190e-01,8.6304427350e-03,3.3408249709e-03,4.5038625152e-03,5.6314685479e-03,2.8914793535e-03,0.0000000000e+00
4.9000000000e+01,5.6388254825e-01,4.1035355176e-01,8.9997517774e-03,3.3981263301e-03,4.7657955023e-03,5.6952784246e-03,2.9049479566e-03,0.0000000000e+00
4.9500000000e+01,5.6253543127e-01,4.1098525847e-01,9.3610249771e-03,3.4694301711e-03,4.9019256415e-03,5.8088078449e-03,2.9381216255e-03,0.0000000000e+00
5.0000000000e+01,5.6145892765e-01,4.1179468379e-01,9.5738316838e-03,3.5530598514e-03,4.9930402553e-03,5.7163077771e-03,2.9101489917e-03,0.0000000000e+00
5.0500000000e+01,5.5052789638e-01,4.2256731105e-01,9.5877996616e-03,3.6087936815e-03,5.1428386963e-03,5.6812019677e-03,2.8841585576e-03,0.0000000000e+00
5.1000000000e+01,5.5010587194e-01,4.2261039530e-01,9.7585324652e-03,3.6522383477e-03,5.2848457306e-03,5.6914113262e-03,2.8967048937e-03,0.0000000000e+00
5.1500000000e+01,5.4927170926e-01,4.2311513976e-01,9.9853203362e-03,3.6750067754e-03,5.3415152759e-03,5.7398969687e-03,2.8714116204e-03,0.0000000000e+00
5.2000000000e+01,5.4063483241e-01,4.3122722193e-01,1.0139480041e-02,3.8185372259e-03,5.5076521005e-03,5.8263754554e-03,2.8459008327e-03,0.0000000000e+00
5.2500000000e+01,5.3658542140e-01,4.3460912849e-01,1.0454715041e-02,3.8702407386e-03,5.7363127688e-03,5.8452631935e-03,2.8989183653e-03,0.0000000000e+00
5.3000000000e+01,5.2832619542e-01,4.4253958564e-01,1.0860089002e-02,3.9067957917e-03,5.7730723918e-03,5.7046163648e-03,2.8896453871e-03,0.0000000000e+00
5.3500000000e+01,5.2767332599e-01,4.4330568460e-01,1.0754350726e-02,3.8868966307e-03,5.9265343662e-03,5.5552258690e-03,2.8979818210e-03,0.0000000000e+00
5.4000000000e+01,5.2555536016e-01,4.4512003099e-01,1.0960461308e-02,3.9036207280e-03,6.0220588188e-03,5.6256585139e-03,2.8128094869e-03,0.0000000000e+00
5.4500000000e+01,5.2850758398e-01,4.4155792737e-01,1.1312168831e-02,4.0352744791e-03,6.0440208328e-03,5.6990600805e-03,2.8439644271e-03,0.0000000000e+00
5.5000000000e+01,5.2962715596e-01,4.3945430395e-01,1.1839374310e-02,4.1885760523e-03,6.2667945579e-03,5.7704861623e-03,2.8533090058e-03,0.0000000000e+00
5.5500000000e+01,5.1991985365e-01,4.4915735361e-01,1.1844777945e-02,4.2663369777e-03,6.3062926348e-03,5.6757764060e-03,2.8296087759e-03,0.0000000000e+00
5.6000000000e+01,5.1386828963e-01,4.5422327587e-01,1.2499839038e-02,4.3420134555e-03,6.4946671970e-03,5.7501911621e-03,2.8217236430e-03,0.0000000000e+00
5.6500000000e+01,5.0532881846e-01,4.6240545007e-01,1.2758569659e-02,4.4341904446e-03,6.5588394402e-03,5.6634815526e-03,2.8506503790e-03,0.0000000000e+00
5.7000000000e+01,5.0448606567e-01,4.6260719907e-01,1.2960403571e-02,4.5500078869e-03,6.7031912586e-03,5.8157070031e-03,2.8774255400e-03,0.0000000000e+00
5.7500000000e+01,5.0163335897e-01,4.6444663602e-01,1.3582170620e-02,4.7372809289e-03,6.9049549661e-03,5.8544801710e-03,2.8411183217e-03,0.0000000000e+00
5.8000000000e+01,4.9554034808e-01,4.6955169393e-01,1.4179627737e-02,4.8913525769e-03,7.1024408843e-03,5.8823469502e-03,2.8521898334e-03,0.0000000000e+00
5.8500000000e+01,4.8757053791e-01,4.7703476386e-01,1.4390046200e-02,5.0113220089e-03,7.2992897284e-03,5.8151740530e-03,2.8788662331e-03,0.0000000000e+00
5.9000000000e+01,4.8247277051e-01,4.8154758100e-01,1.4805576293e-02,4.9855092979e-03,7.5137878755e-03,5.8171213480e-03,2.8576536762e-03,0.0000000000e+00
5.9500000000e+01,4.7646091063e-01,4.8715901996e-01,1.4841669203e-02,5.0457831003e-03,7.8020193359e-03,5.8445291644e-03,2.8460686070e-03,0.0000000000e+00
6.0000000000e+01,4.6717333113e-01,4.9586355811e-01,1.5324629364e-02,5.1452558992e-03,7.9469964681e-03,5.7617137937e-03,2.7845152309e-03,0.0000000000e+00
6.0500000000e+01,4.6770804065e-01,4.9486480655e-01,1.5514541541e-02,5.2135887844e-03,8.1407818581e-03,5.7660769202e-03,2.7921636979e-03,0.0000000000e+00
6.1000000000e+01,4.6051810617e-01,5.0165616702e-01,1.5683448863e-02,5.2059482901e-03,8.4481487710e-03,5.7164914730e-03,2.7716894133e-03,0.0000000000e+00
6.1500000000e+01,4.4501367445e-01,5.1760731137e-01,1.5638796191e-02,5.1976026104e-03,8.3855401989e-03,5.4629112729e-03,2.6941638999e-03,0.0000000000e+00
6.2000000000e+01,4.3747347957e-01,5.2463013148e-01,1.6046140334e-02,5.2537767235e-03,8.6039192688e-03,5.3249667614e-03,2.6675858629e-03,0.0000000000e+00
6.2500000000e+01,4.2961403309e-01,5.3149242712e-01,1.6513417349e-02,5.3840505467e-03,9.0959360932e-03,5.2471040298e-03,2.6530317664e-03,0.0000000000e+00
6.3000000000e+01,4.2047801233e-01,5.4039284309e-01,1.6640942858e-02,5.4855605235e-03,9.3273814273e-03,5.0925337958e-03,2.5827259789e-03,0.0000000000e+00
6.3500000000e+01,4.1462814087e-01,5.4561351553e-01,1.6933763056e-02,5.6231333488e-03,9.5675419578e-03,5.0161744617e-03,2.6177307753e-03,0.0000000000e+00
6.4000000000e+01,4.0333042098e-01,5.5709778577e-01,1.7009127126e-02,5.5780932620e-03,9.4500239241e-03,5.0010366439e-03,2.5335122933e-03,0.0000000000e+00
6.4500000000e+01,3.9437140945e-01,5.6533415018e-01,1.7498637911e-02,5.7296923306e-03,9.5808274353e-03,4.9368819683e-03,2.5484007294e-03,0.0000000000e+00
6.5000000000e+01,3.8939264137e-01,5.6957985393e-01,1.8047506601e-02,5.7351010445e-03,9.8508584698e-03,4.8839848481e-03,2.5100537362e-03,0.0000000000e+00
6.5500000000e+01,3.8257599815e-01,5.7582146230e-01,1.8506375436e-02,5.7691960971e-03,1.0008354468e-02,4.8732987018e-03,2.4453148463e-03,0.0000000000e+00
6.6000000000e+01,3.8002973461e-01,5.7796465973e-01,1.8612858991e-02,5.8965307226e-03,1.0296736683e-02,4.7567842602e-03,2.4426950025e-03,0.0000000000e+00
6.6500000000e+01,3.7590429111e-01,5.8176764154e-01,1.9055676052e-02,5.9135429334e-03,1.0269540451e-02,4.6380321815e-03,2.4512757386e-03,0.0000000000e+00
6.7000000000e+01,3.6754078507e-01,5.8990361266e-01,1.9353445514e-02,5.9974400254e-03,1.0349410835e-02,4.4324618389e-03,2.4228440578e-03,0.0000000000e+00
6.7500000000e+01,3.5910663267e-01,5.9743427066e-01,1.9565953185e-02,6.1740635551e-03,1.0937557335e-02,4.3612752783e-03,2.4202473143e-03,0.0000000000e+00
6.8000000000e+01,3.5381541420e-01,6.0300594568e-01,1.9410077701e-02,6.1261468433e-03,1.1074224229e-02,4.2012023799e-03,2.3669889656e-03,0.0000000000e+00
6.8500000000e+01,3.5446995624e-01,6.0268862063e-01,1.9133267669e-02,6.0204141959e-03,1.1228595094e-02,4.1434896180e-03,2.3156565527e-03,0.0000000000e+00
6.9000000000e+01,3.5568929604e-01,6.0098320226e-01,1.9473633406e-02,5.9595870287e-03,1.1469812177e-02,4.2020578676e-03,2.2224112221e-03,0.0000000000e+00
6.9500000000e+01,3.5564063345e-01,6.0071037830e-01,1.9694030833e-02,5.9765367231e-03,1.1673079781e-02,4.1160479134e-03,2.1892929967e-03,0.0000000000e+00
7.0000000000e+01,3.4932753566e-01,6.0767513406e-01,1.9320404923e-02,5.9933537054e-03,1.1717868650e-02,3.8484256722e-03,2.1172773317e-03,0.0000000000e+00
7.0500000000e+01,3.4214071509e-01,6.1485414532e-01,1.9365986286e-02,5.9755637083e-03,1.1877720431e-02,3.6855514031e-03,2.1003177606e-03,0.0000000000e+00
7.1000000000e+01,3.3151870317e-01,6.2521162841e-01,1.9755069018e-02,5.9806139475e-03,1.1862511515e-02,3.6425365360e-03,2.0289374079e-03,0.0000000000e+00
7.1500000000e+01,3.2877543325e-01,6.2755514926e-01,2.0011637160e-02,6.0040278898e-03,1.2000809030e-02,3.6353967103e-03,2.0175467041e-03,0.0000000000e+00
7.2000000000e+01,3.2316133104e-01,6.3235597944e-01,2.0553755579e-02,6.1488400597e-03,1.2239383742e-02,3.5823334672e-03,1.9583766700e-03,0.0000000000e+00
7.2500000000e+01,3.1995960053e-01,6.3517776615e-01,2.1099906113e-02,6.0368862226e-03,1.2373949669e-02,3.4280809266e-03,1.9238103944e-03,0.0000000000e+00
7.3000000000e+01,3.1979244133e-01,6.3485004456e-01,2.1618833479e-02,6.0600351589e-03,1.2466061543e-02,3.3216428073e-03,1.8909411240e-03,0.0000000000e+00
7.3500000000e+01,3.1967519161e-01,6.3482389540e-01,2.1486617224e-02,6.1477712444e-03,1.2783822831e-02,3.2458079897e-03,1.8368937006e-03,0.0000000000e+00
7.4000000000e+01,3.1911230912e-01,6.3521098460e-01,2.1981812764e-02,6.1302630800e-03,1.2677644771e-02,3.0924224665e-03,1.7945632042e-03,0.0000000000e+00
7.4500000000e+01,3.1280776794e-01,6.4200896312e-01,2.1902714674e-02,6.1029462523e-03,1.2465106524e-02,2.9893991959e-03,1.7231022989e-03,0.0000000000e+00
7.5000000000e+01,3.0825898837e-01,6.4695399143e-01,2.2111147134e-02,5.9769801452e-03,1.2126547578e-02,2.8554899646e-03,1.7168553767e-03,0.0000000000e+00
7.5500000000e+01,3.0894695859e-01,6.4565069281e-01,2.2669119983e-02,6.1988809126e-03,1.2147444758e-02,2.7205187355e-03,1.6663842160e-03,0.0000000000e+00
7.6000000000e+01,3.0157206059e-01,6.5271073691e-01,2.2983035353e-02,6.1580389626e-03,1.2340791260e-02,2.6386554608e-03,1.5966814643e-03,0.0000000000e+00
7.6500000000e+01,3.0146840208e-01,6.5223831294e-01,2.3378416357e-02,6.2144541063e-03,1.2552251639e-02,2.5717211238e-03,1.5764417542e-03,0.0000000000e+00
7.7000000000e+01,2.9596740545e-01,6.5771042462e-01,2.3605378969e-02,6.2360129302e-03,1.2487804235e-02,2.4450486105e-03,1.5479251854e-03,0.0000000000e+00
7.7500000000e+01,2.9035451945e-01,6.6408902641e-01,2.3312046173e-02,6.0863938301e-03,1.2272117021e-02,2.3520600935e-03,1.5338370239e-03,0.0000000000e+00
7.8000000000e+01,2.8727064073e-01,6.6709524191e-01,2.3179677056e-02,6.1419639835e-03,1.2494487289e-02,2.2984419953e-03,1.5195470386e-03,0.0000000000e+00
7.8500000000e+01,2.9360613235e-01,6.5974439103e-01,2.3848174772e-02,6.2119800791e-03,1.2866845168e-02,2.2333888997e-03,1.4890877021e-03,0.0000000000e+00
7.9000000000e+01,2.9327042954e-01,6.5957853898e-01,2.4268899183e-02,6.3272441240e-03,1.2902711747e-02,2.1388395985e-03,1.5133368302e-03,0.0000000000e+00
7.9500000000e+01,2.8667411755e-01,6.6611027978e-01,2.4283216284e-02,6.3237357822e-03,1.3048489730e-02,2.0843126384e-03,1.4758482341e-03,0.0000000000e+00
8.0000000000e+01,2.9206838304e-01,6.6056189864e-01,2.4209096603e-02,6.4646106129e-03,1.3261215579e-02,1.9918282092e-03,1.4429673139e-03,0.0000000000e+00
8.0500000000e+01,2.8700728883e-01,6.6551042050e-01,2.4448935607e-02,6.4695024194e-03,1.3274391123e-02,1.8856511395e-03,1.4038103809e-03,0.0000000000e+00
8.1000000000e+01,2.9338658149e-01,6.5948176692e-01,2.4554839557e-02,6.3430150586e-03,1.3088818026e-02,1.8013337591e-03,1.3436451832e-03,0.0000000000e+00
8.1500000000e+01,2.9982195704e-01,6.5258859657e-01,2.5082824027e-02,6.3560945696e-03,1.3079701384e-02,1.7524311675e-03,1.3183952449e-03,0.0000000000e+00
8.2000000000e+01,2.9385893601e-01,6.5892986549e-01,2.4965451246e-02,6.2522989710e-03,1.3054648130e-02,1.6524290918e-03,1.2863710562e-03,0.0000000000e+00
8.2500000000e+01,2.9571217475e-01,6.5610313824e-01,2.5860710539e-02,6.2506233474e-03,1.3202093951e-02,1.5811983433e-03,1.2900608253e-03,0.0000000000e+00
8.3000000000e+01,2.9853978195e-01,6.5391912419e-01,2.5693675192e-02,6.1754022905e-03,1.2951641812e-02,1.4782083802e-03,1.2421661849e-03,0.0000000000e+00
8.3500000000e+01,3.0046658084e-01,6.5255795924e-01,2.5486037795e-02,6.1502489020e-03,1.2712987872e-02,1.3902103631e-03,1.2359749841e-03,0.0000000000e+00
8.4000000000e+01,3.0555986661e-01,6.4802512342e-01,2.5247081373e-02,6.0848044326e-03,1.2587962185e-02,1.2866405122e-03,1.2085214672e-03,0.0000000000e+00
8.4500000000e+01,3.0104702423e-01,6.5195915009e-01,2.5930796965e-02,6.1306339221e-03,1.2495849908e-02,1.2319166194e-03,1.2046282649e-03,0.0000000000e+00
8.5000000000e+01,2.9393195649e-01,6.5872356758e-01,2.6225380952e-02,6.1666869453e-03,1.2574110770e-02,1.1792178510e-03,1.1990794064e-03,0.0000000000e+00
8.5500000000e+01,2.9547272775e-01,6.5683556391e-01,2.6584642565e-02,6.1051551486e-03,1.2712656983e-02,1.1171949583e-03,1.1720586878e-03,0.0000000000e+00
8.6000000000e+01,2.9677064783e-01,6.5526998129e-01,2.7016828319e-02,5.9840991810e-03,1.2764204744e-02,1.0424277385e-03,1.1518108997e-03,0.0000000000e+00
8.6500000000e+01,3.0023331420e-01,6.5149061815e-01,2.7262609800e-02,6.0613930102e-03,1.2809346327e-02,9.7738224495e-04,1.1653362701e-03,0.0000000000e+00
8.7000000000e+01,2.9830374814e-01,6.5430956102e-01,2.6737119780e-02,5.8927941792e-03,1.2705035604e-02,9.0377628932e-04,1.1479649912e-03,0.0000000000e+00
8.7500000000e+01,2.9451793058e-01,6.5818373846e-01,2.6795870584e-02,5.7562448069e-03,1.2786657230e-02,8.4226667717e-04,1.1172916592e-03,0.0000000000e+00
8.8000000000e+01,3.0131309596e-01,6.5094877935e-01,2.7130397438e-02,5.7104602995e-03,1.3021366179e-02,7.8130345044e-04,1.0945973232e-03,0.0000000000e+00
8.8500000000e+01,3.0107576977e-01,6.5141930297e-01,2.7353496144e-02,5.6425686557e-03,1.2727772362e-02,7.1068316608e-04,1.0704069318e-03,0.0000000000e+00
8.9000000000e+01,3.0274253542e-01,6.4949076408e-01,2.7658103987e-02,5.6352176135e-03,1.2756699321e-02,6.5843282435e-04,1.0582467526e-03,0.0000000000e+00
8.9500000000e+01,3.0709187705e-01,6.4524665396e-01,2.7640777008e-02,5.4405802838e-03,1.2942328272e-02,6.0739088662e-04,1.0303925396e-03,0.0000000000e+00
9.0000000000e+01,3.1750867712e-01,6.3456722170e-01,2.7916491680e-02,5.3675691172e-03,1.3021185582e-02,5.6868692735e-04,1.0501678700e-03,0.0000000000e+00
9.0500000000e+01,3.1726158150e-01,6.3454190620e-01,2.8483600371e-02,5.3455098698e-03,1.2784489328e-02,5.2040522250e-04,1.0625075106e-03,0.0000000000e+00
9.1000000000e+01,3.2673792327e-01,6.2464249382e-01,2.8886185445e-02,5.3372990032e-03,1.2861739947e-02,4.7980423373e-04,1.0545542889e-03,0.0000000000e+00
9.1500000000e+01,3.3016386194e-01,6.2134557954e-01,2.8919404995e-02,5.2920870264e-03,1.2810627422e-02,4.2419918260e-04,1.0442398993e-03,0.0000000000e+00
9.2000000000e+01,3.2527901984e-01,6.2609109023e-01,2.8932677837e-02,5.3065231308e-03,1.2979045385e-02,3.7828081330e-04,1.0333627681e-03,0.0000000000e+00
9.2500000000e+01,3.2176075360e-01,6.2972048883e-01,2.9133073584e-02,5.2169008627e-03,1.2821788139e-02,3.3102434028e-04,1.0159706418e-03,0.0000000000e+00
9.3000000000e+01,3.2372372414e-01,6.2806602966e-01,2.9199180230e-02,5.1239774218e-03,1.2570011703e-02,2.9007775161e-04,1.0269990928e-03,0.0000000000e+00
9.3500000000e+01,3.3103737761e-01,6.2106662491e-01,2.9244519485e-02,5.0394387285e-03,1.2318331926e-02,2.5842536411e-04,1.0352819790e-03,0.0000000000e+00
9.4000000000e+01,3.3034763379e-01,6.2183302838e-01,2.9357640911e-02,4.9642771782e-03,1.2225705920e-02,2.2516438064e-04,1.0465494348e-03,0.0000000000e+00
9.4500000000e+01,3.3200704663e-01,6.2099396075e-01,2.8815929410e-02,4.8026236312e-03,1.2144727537e-02,1.9064239461e-04,1.0450696505e-03,0.0000000000e+00
9.5000000000e+01,3.3786548734e-01,6.1422342592e-01,2.9687109253e-02,4.8076628681e-03,1.2168119733e-02,1.6540146153e-04,1.0827934197e-03,0.0000000000e+00
9.5500000000e+01,3.4381321255e-01,6.0748456314e-01,3.0692123158e-02,4.7214830501e-03,1.2046900679e-02,1.4499698491e-04,1.0967204370e-03,0.0000000000e+00
9.6000000000e+01,3.5410275640e-01,5.9711966784e-01,3.1017124534e-02,4.6562542335e-03,1.1888344219e-02,1.2409657131e-04,1.0917561929e-03,0.0000000000e+00
9.6500000000e+01,3.5827890420e-01,5.9312461924e-01,3.0821068455e-02,4.6478542513e-03,1.1926121421e-02,1.0587752112e-04,1.0955549152e-03,0.0000000000e+00
9.7000000000e+01,3.5707291265e-01,5.9503068122e-01,3.0625268444e-02,4.5396236095e-03,1.1543524807e-02,9.2669336043e-05,1.0953199355e-03,0.0000000000e+00
9.7500000000e+01,3.5177883707e-01,6.0070191293e-01,3.0792063514e-02,4.3536499387e-03,1.1205535706e-02,8.1515305687e-05,1.0864855431e-03,0.0000000000e+00
9.8000000000e+01,3.5426838819e-01,5.9875861394e-01,3.0483955609e-02,4.3481413617e-03,1.0978449550e-02,7.3218618097e-05,1.0892327299e-03,0.0000000000e+00
9.8500000000e+01,3.6314920938e-01,5.9005838765e-01,3.0692134512e-02,4.2925116485e-03,1.0645486864e-02,6.7291037825e-05,1.0949788995e-03,0.0000000000e+00
9.9000000000e+01,3.6362688830e-01,5.9119251451e-01,2.9695947964e-02,4.0540196167e-03,1.0325581395e-02,6.1453193919e-05,1.0435950126e-03,0.0000000000e+00
9.9500000000e+01,3.6551984006e-01,5.8943104283e-01,2.9752677842e-02,3.8897706386e-03,1.0298809563e-02,5.9998114674e-05,1.0478609450e-03,0.0000000000e+00
1.0000000000e+02,3.6755722051e-01,5.8694759392e-01,3.0115551015e-02,3.7930329480e-03,1.0466425250e-02,6.1991508438e-05,1.0581848503e-03,0.0000000000e+00

# METADATA: {"config_sha256": "ea06182f60f4", "provenance": "Hardened_JPCL_Resubmission_v1.3"}
