time_fs,population_site_1,population_site_2,population_site_3,population_site_4,population_site_5,population_site_6,population_site_7,coherences
0.0000000000e+00,1.0000000000e+00,4.9303806576e-32,4.8148248610e-33,8.1370540150e-33,1.2325951644e-32,1.7333369499e-33,7.5231638453e-33,1.3322676296e-15
1.0000000000e+00,8.3183036065e-01,9.1455291662e-02,7.8257982265e-03,2.5520268333e-02,1.6846955178e-02,2.5801474265e-02,7.1985168508e-04,2.1681562780e+00
2.0000000000e+00,6.3594039755e-01,3.3070579808e-01,1.0818272067e-02,4.3260745252e-03,9.0730803815e-03,7.4846554592e-03,1.6517219400e-03,2.1142394839e+00
3.0000000000e+00,4.0778892123e-01,5.3193569163e-01,5.1564252011e-03,6.7849841353e-03,3.9949953532e-02,1.8629296610e-03,6.5210946114e-03,2.4073166090e+00
4.0000000000e+00,3.0638416370e-01,6.1912773686e-01,2.2085912586e-02,9.7986281530e-03,3.3184701083e-02,3.4154992604e-03,6.0033583615e-03,2.6330575526e+00
5.0000000000e+00,4.3828248472e-01,5.2080927169e-01,3.3945810069e-03,4.9289418251e-03,1.5826959627e-02,8.3392343175e-03,8.4185268066e-03,2.3162117081e+00
6.0000000000e+00,6.7602145174e-01,2.6237102328e-01,1.1905904333e-02,1.0086184307e-02,3.1959555758e-02,4.5366465611e-03,3.1192340176e-03,2.4075246169e+00
7.0000000000e+00,8.8656798762e-01,7.4050208190e-02,9.2839014220e-03,1.8036230178e-02,3.9784819027e-03,7.3064126719e-03,7.7677801287e-04,1.6269103418e+00
8.0000000000e+00,9.6173963703e-01,4.5538318793e-03,4.8321378766e-04,6.8719714682e-03,1.8638431703e-03,2.4051284422e-02,4.3621824471e-04,8.8289899804e-01
9.0000000000e+00,8.1280862781e-01,1.2451981092e-01,1.9665964568e-02,2.3867414345e-02,1.5266479576e-02,5.2164099015e-04,3.3500617889e-03,2.0745365233e+00
1.0000000000e+01,5.9210581125e-01,3.5842379741e-01,1.1763182728e-02,1.9116889227e-03,2.0052027088e-02,1.1137241892e-02,4.6062507070e-03,2.3685387182e+00
1.1000000000e+01,3.5869890395e-01,5.7838274823e-01,1.8487844416e-02,1.6202945814e-02,1.5177459872e-02,6.1903616075e-03,6.8597361086e-03,2.6381350005e+00
1.2000000000e+01,3.1943556021e-01,5.8976807225e-01,2.8321542278e-02,6.5126282905e-03,5.0481029246e-02,2.8414310469e-03,2.6397366836e-03,2.6538478659e+00
1.3000000000e+01,4.9111302682e-01,4.8385591703e-01,6.2576011155e-03,5.1252401459e-03,1.1600573676e-02,2.7965110776e-04,1.7679901071e-03,1.9363018645e+00
1.4000000000e+01,6.9122523087e-01,2.2348784275e-01,2.3243942606e-02,1.9310219183e-02,2.3598645805e-02,1.8995881161e-02,1.3823762364e-04,2.6053158548e+00
1.5000000000e+01,9.3070570581e-01,4.2264617621e-02,8.4547870149e-03,4.1994803248e-03,1.7409493965e-03,1.2594512772e-02,3.9947063549e-05,1.2121747589e+00
1.6000000000e+01,9.4604988388e-01,1.4061679810e-02,9.0798339280e-03,1.6988961567e-02,3.9861275535e-03,8.2975962256e-03,1.5359170370e-03,1.2809471605e+00
1.7000000000e+01,7.5978608490e-01,1.5922309127e-01,2.9643939950e-02,8.6454363504e-03,1.5673107176e-02,2.4813647921e-02,2.2146924331e-03,2.4805232518e+00
1.8000000000e+01,5.4794731429e-01,4.1564540990e-01,1.3358853976e-02,4.2918968614e-03,9.3022316136e-03,7.6730958426e-04,8.6869837789e-03,2.1804649523e+00
1.9000000000e+01,3.3587934530e-01,5.6362475645e-01,3.7176097340e-02,7.3874222927e-03,4.5150517478e-02,4.4184482488e-03,6.3634128934e-03,2.8721995626e+00
2.0000000000e+01,3.3083198224e-01,6.0435238484e-01,2.9111782173e-02,3.4568415198e-03,1.7358830958e-02,4.7449930197e-03,1.0143185247e-02,2.5469992054e+00
2.1000000000e+01,5.2184136207e-01,4.1577073061e-01,1.7645467396e-02,3.0791285066e-03,3.0725993012e-02,7.4875839013e-03,3.4497345036e-03,2.5196328764e+00
2.2000000000e+01,7.4585292366e-01,1.8529767813e-01,3.2462975655e-02,1.2254301462e-02,2.2362451788e-02,8.2402094111e-04,9.4564835984e-04,2.2182992886e+00
2.3000000000e+01,9.4978911929e-01,2.1078346952e-02,6.7053757155e-03,1.3842682797e-03,2.1800103908e-03,1.7981405816e-02,8.8147355561e-04,1.1005347467e+00
2.4000000000e+01,9.0027327107e-01,3.2484774262e-02,2.3802980644e-02,1.6700171172e-02,7.8301504659e-03,1.5416832039e-02,3.4918203517e-03,1.8369279084e+00
2.5000000000e+01,7.4673491639e-01,2.0275447087e-01,3.0094615410e-02,2.7719379306e-03,1.1551956833e-02,2.7290106712e-03,3.3630918999e-03,2.0914790567e+00
2.6000000000e+01,4.8155335673e-01,4.4533839176e-01,1.7819076817e-02,1.3223092146e-02,2.0566613203e-02,1.4408883387e-02,7.0905859524e-03,2.8314552273e+00
2.7000000000e+01,3.1246647608e-01,5.9927504747e-01,5.3679479283e-02,6.4507978028e-03,2.2800609626e-02,4.1179178718e-03,1.2096718677e-03,2.5912933894e+00
2.8000000000e+01,3.7001283585e-01,5.5731805930e-01,1.9178394207e-02,1.4712037695e-02,3.5145221831e-02,1.2872338158e-03,2.3462172979e-03,2.5584666642e+00
2.9000000000e+01,5.5593974706e-01,3.7979425157e-01,3.8094105447e-02,7.4078153404e-03,1.2982318161e-02,5.4072780874e-03,3.7448432467e-04,2.4223509468e+00
3.0000000000e+01,7.8166557394e-01,1.4175890119e-01,2.5284884825e-02,2.1164509560e-02,8.2182946419e-03,2.1681422993e-02,2.2641284898e-04,2.3053705708e+00
3.1000000000e+01,9.7698791742e-01,5.4875345145e-03,9.5724150994e-03,3.4608081931e-03,1.9795763444e-03,8.6834672985e-04,1.6434016992e-03,7.7867909705e-01
3.2000000000e+01,8.6950266741e-01,5.0247125493e-02,3.1539973903e-02,1.5779409308e-02,8.2841272500e-03,2.1981704908e-02,2.6649917322e-03,2.0651048633e+00
3.3000000000e+01,6.9392927984e-01,2.6093090130e-01,1.5352196553e-02,1.6098792709e-03,8.6758873619e-03,1.2793869197e-02,6.7079864848e-03,2.2256955559e+00
3.4000000000e+01,4.4752503992e-01,4.8698211232e-01,2.9616681590e-02,5.4806039383e-03,2.0554290566e-02,1.9202522549e-03,7.9210194167e-03,2.5688072746e+00
3.5000000000e+01,3.0454656100e-01,5.8978499903e-01,4.0922965053e-02,3.4096934529e-03,4.9217476517e-02,5.3053105077e-03,6.8129944381e-03,2.8327747478e+00
3.6000000000e+01,3.9449871538e-01,5.6695153066e-01,1.7666170928e-02,5.2434014561e-03,5.0190606009e-03,6.1446926590e-03,4.4764283183e-03,2.2490718049e+00
3.7000000000e+01,5.9440725127e-01,3.0393936797e-01,3.9676676844e-02,5.3385323029e-03,5.2141361459e-02,4.2117173428e-03,2.8509281534e-04,2.6277588823e+00
3.8000000000e+01,8.5378078864e-01,1.1697819691e-01,1.1148971405e-02,1.0838669064e-02,2.1698691424e-03,3.2163080786e-03,1.8671967635e-03,1.6316184770e+00
3.9000000000e+01,9.4686231924e-01,8.4920894432e-05,1.4619887750e-02,3.4283069633e-03,5.5468071117e-03,2.4938847617e-02,4.5189104265e-03,1.1355974523e+00
4.0000000000e+01,8.6266740622e-01,8.2053570194e-02,2.1862784322e-02,1.3314010878e-02,1.1781609844e-02,3.3916779866e-03,4.9289405590e-03,1.9428838059e+00
4.1000000000e+01,6.5539210160e-01,3.0094607283e-01,6.4320685376e-03,2.0731425529e-03,1.5599442315e-02,1.2501702452e-02,7.0554697072e-03,2.2565305015e+00
4.2000000000e+01,3.9070816199e-01,5.3609783381e-01,3.1465215307e-02,9.3333709493e-03,1.8759919368e-02,1.1490044446e-02,2.1454541264e-03,2.6930262791e+00
4.3000000000e+01,3.1725910838e-01,6.0352624116e-01,2.1403419010e-02,1.5410803730e-02,3.5713181390e-02,3.5148487292e-03,3.1723976028e-03,2.6678223028e+00
4.4000000000e+01,4.3776243788e-01,5.1487123194e-01,1.9101040816e-02,5.1106026728e-03,2.2015541277e-02,9.2376825127e-04,2.1537716714e-04,2.1766720650e+00
4.5000000000e+01,6.2712077397e-01,2.8910773537e-01,2.7842187914e-02,2.8179237329e-02,1.2606915137e-02,1.4437055985e-02,7.0609429950e-04,2.6992011184e+00
4.6000000000e+01,9.0190225436e-01,6.8678054842e-02,2.4387355833e-03,8.6180078481e-03,5.9819050834e-03,1.1397438195e-02,9.8360408491e-04,1.4631140826e+00
4.7000000000e+01,9.5295132883e-01,1.7859939582e-03,1.5016501113e-02,1.7872021119e-02,6.5373855561e-03,3.7570030083e-03,2.0797664176e-03,1.1387142209e+00
4.8000000000e+01,8.2358125270e-01,1.1903565990e-01,8.5800361270e-03,1.2868972024e-02,6.4728945359e-03,2.4924127592e-02,4.5370571236e-03,2.1127013948e+00
4.9000000000e+01,6.0928353102e-01,3.6069462794e-01,4.2950045974e-03,3.2344315272e-03,1.2649811874e-02,2.4605052650e-03,7.3820877743e-03,2.0679169820e+00
5.0000000000e+01,3.6909787584e-01,5.4474270299e-01,2.3887390976e-02,9.0377006988e-03,4.4000505879e-02,5.5999283450e-03,3.6338952660e-03,2.7639913310e+00
5.1000000000e+01,3.2425536457e-01,6.3147564371e-01,5.9193436867e-03,5.3100335087e-03,2.4173150688e-02,5.5743412162e-03,3.2921226230e-03,2.2450838204e+00
5.2000000000e+01,4.6116294874e-01,4.7154711768e-01,1.8620430520e-02,3.4876357310e-03,3.8620514699e-02,6.1168883585e-03,4.4446426735e-04,2.4488555982e+00
5.3000000000e+01,6.9672559458e-01,2.4652726994e-01,9.1985873954e-03,1.7646706667e-02,2.6720960638e-02,1.2227947252e-03,1.9580860537e-03,2.2495485404e+00
5.4000000000e+01,9.2887634798e-01,4.7893667254e-02,2.0611285720e-03,6.6547351025e-04,2.0246921108e-03,1.2346586644e-02,6.1321039250e-03,1.2148716460e+00
5.5000000000e+01,9.2533651765e-01,1.1182741463e-02,7.7949686323e-03,2.1275815355e-02,7.2550725264e-03,1.9681330030e-02,7.4735543393e-03,1.6042234391e+00
5.6000000000e+01,8.1969856521e-01,1.5108147005e-01,4.9201044014e-03,2.9649815500e-03,1.4446111782e-02,5.5968475493e-04,6.3290822475e-03,1.6963752428e+00
5.7000000000e+01,5.4385408588e-01,4.0409709564e-01,4.4779511901e-03,1.0052237919e-02,1.3488232276e-02,1.9164694718e-02,4.8657023743e-03,2.4769544614e+00
5.8000000000e+01,3.4082715408e-01,5.8053149186e-01,2.0273548971e-02,1.2820388446e-02,3.6243315660e-02,7.1369427050e-03,2.1671582806e-03,2.6969772732e+00
5.9000000000e+01,3.5574429941e-01,6.0908130992e-01,2.5667623618e-03,6.0622501453e-03,2.2760498494e-02,2.9037865538e-03,8.8109311984e-04,2.0270403323e+00
6.0000000000e+01,4.8824808209e-01,4.3923741038e-01,1.6923889607e-02,1.4967861899e-02,3.3970082902e-02,6.2694886110e-03,3.8318451279e-04,2.5985991653e+00
6.1000000000e+01,7.4507448671e-01,2.0933694403e-01,5.4328447754e-03,1.9470784531e-02,4.2192837267e-03,1.6150317657e-02,3.1533856589e-04,2.0406772898e+00
6.2000000000e+01,9.5165543918e-01,2.3353763156e-02,1.6438953706e-03,5.2986281158e-03,1.3670406094e-02,2.2336842008e-03,2.1441838808e-03,1.1088036256e+00
6.3000000000e+01,9.1636060833e-01,2.0463351903e-02,1.2442712211e-02,2.7772306642e-02,4.7705382595e-03,1.3980521262e-02,4.2099613887e-03,1.6592057910e+00
6.4000000000e+01,7.6381750258e-01,1.9951974407e-01,5.9771830598e-03,1.0916124096e-04,7.8932306658e-03,1.6275783933e-02,6.4073944468e-03,1.9065809398e+00
6.5000000000e+01,5.0320677016e-01,4.4023018259e-01,1.4271353365e-02,1.8911597399e-02,1.9231508347e-02,5.9515247895e-04,3.5534356586e-03,2.4318877918e+00
6.6000000000e+01,3.3010144369e-01,5.8395770178e-01,2.3754268719e-02,4.3652146255e-03,4.9544333067e-02,6.7794267275e-03,1.4976113989e-03,2.6196264773e+00
6.7000000000e+01,3.5940498785e-01,6.0984531785e-01,6.4504978110e-03,5.8936978503e-03,1.0372207792e-02,7.2070913078e-03,8.2619953870e-04,2.0730006377e+00
6.8000000000e+01,5.2805140110e-01,3.8022765196e-01,2.3531558124e-02,1.4210120720e-02,4.7845769451e-02,4.0206746722e-03,2.1128239709e-03,2.7791931321e+00
6.9000000000e+01,8.1068986550e-01,1.7193409724e-01,4.2242517619e-03,1.3194926203e-03,2.9150092305e-03,2.7390842884e-03,6.1781993603e-03,1.5640983381e+00
7.0000000000e+01,9.3239023393e-01,9.8433501010e-03,8.1453351955e-03,1.6499832530e-02,3.6881239421e-03,2.1002086311e-02,8.4310379923e-03,1.4995356371e+00
7.1000000000e+01,9.0679599592e-01,4.3188333270e-02,1.9824201948e-02,7.8899994613e-03,1.0079758915e-02,6.8875279407e-03,5.3341825438e-03,1.7097279476e+00
7.2000000000e+01,7.2717007256e-01,2.3262255778e-01,7.7841667395e-03,6.5096043154e-03,1.1129973802e-02,9.0208019688e-03,5.7628228354e-03,2.1696538865e+00
7.3000000000e+01,4.3452411729e-01,4.7475767245e-01,3.2401562456e-02,1.4318246395e-02,2.6206931269e-02,1.6996985606e-02,7.9448453405e-04,2.8742792953e+00
7.4000000000e+01,3.3184550167e-01,6.1071337144e-01,2.4589154625e-02,4.1087669190e-03,2.1713074752e-02,5.4516912822e-03,1.5784393151e-03,2.3832802547e+00
7.5000000000e+01,3.8388748337e-01,5.4226755466e-01,1.9835612272e-02,8.2115739646e-03,4.3107790878e-02,2.4951864815e-03,1.9479837698e-04,2.4557487766e+00
7.6000000000e+01,5.6348282509e-01,3.6854231471e-01,3.1440383376e-02,1.2410589352e-02,9.2139251983e-03,1.4659250498e-02,2.5071177641e-04,2.5319468184e+00
7.7000000000e+01,8.4925085586e-01,1.1255226680e-01,5.7263653236e-03,1.9657296016e-03,1.7393345744e-02,8.9297731023e-03,4.1816635686e-03,1.7825328335e+00
7.8000000000e+01,9.4345400691e-01,3.3796409870e-03,2.1304088527e-02,1.5654437622e-02,7.6608416292e-03,3.1969785971e-03,5.3500057303e-03,1.3035316128e+00
7.9000000000e+01,8.7439226987e-01,6.7738855579e-02,2.3013088217e-02,4.9259352253e-03,3.2972917344e-03,1.9553346255e-02,7.0792131150e-03,1.8853621798e+00
8.0000000000e+01,6.6400941460e-01,2.9147691332e-01,1.3835866290e-02,1.2626109721e-02,7.1251026615e-03,5.5040586769e-03,5.4225347337e-03,2.3014279433e+00
8.1000000000e+01,4.1066362674e-01,4.8428235696e-01,5.0392146073e-02,7.1664651714e-03,4.2978633046e-02,3.5750321601e-03,9.4173984629e-04,2.7778280824e+00
8.2000000000e+01,3.2199069438e-01,6.2809652783e-01,1.7948043968e-02,1.0867235212e-02,1.3377965695e-02,7.2118806030e-03,5.0765230576e-04,2.3171376291e+00
8.3000000000e+01,3.9356832524e-01,5.1018901827e-01,4.3328417350e-02,6.4088314220e-03,3.4433048377e-02,8.9510610574e-03,3.1212982863e-03,2.8646662814e+00
8.4000000000e+01,6.3660779025e-01,3.0265528188e-01,2.5484940537e-02,1.3108307718e-02,1.7821824401e-02,4.7732291503e-04,3.8445323054e-03,2.3837608804e+00
8.5000000000e+01,8.7347411567e-01,8.8734670543e-02,1.3377859013e-02,3.4312883402e-03,1.0711939128e-03,1.2067187553e-02,7.8436849729e-03,1.6826061797e+00
8.6000000000e+01,9.2648569102e-01,1.0185617538e-03,3.0337471770e-02,1.5850925273e-02,3.8773078479e-03,1.8532276330e-02,3.8977660081e-03,1.4191653217e+00
8.7000000000e+01,8.6964117576e-01,9.5525699997e-02,1.2112684997e-02,1.8720627489e-03,1.6944626562e-02,1.7646333881e-04,3.7272866001e-03,1.5582397497e+00
8.8000000000e+01,5.9499852403e-01,3.3767220499e-01,2.9257313754e-02,1.3312322057e-02,5.7065837625e-03,1.8471217770e-02,5.8183363519e-04,2.5135849910e+00
8.9000000000e+01,3.7611264884e-01,5.2988737001e-01,4.0305868987e-02,5.1412689606e-03,3.8118785171e-02,9.6587997539e-03,7.7525827470e-04,2.7443902726e+00
9.0000000000e+01,3.3620034579e-01,6.1086897951e-01,2.0937620266e-02,8.6478507980e-03,1.8020326609e-02,4.4751574446e-03,8.4971958166e-04,2.3466586663e+00
9.1000000000e+01,4.2334575297e-01,4.7773873029e-01,4.6820019432e-02,4.8785212062e-03,3.9708975589e-02,6.7988893464e-03,7.0911116696e-04,2.7497150683e+00
9.2000000000e+01,6.8385603605e-01,2.6370133133e-01,1.4992528244e-02,1.0509304056e-02,3.8655874629e-03,1.6443027372e-02,6.6321854899e-03,2.3755823267e+00
9.3000000000e+01,9.0571219518e-01,4.8816789094e-02,2.0768767383e-02,1.1175826158e-03,1.4408548227e-02,2.1189842035e-03,7.0571332947e-03,1.5608100606e+00
9.4000000000e+01,9.3147428240e-01,4.6595839625e-03,2.2673942827e-02,1.4025139924e-02,7.6434844997e-03,1.0902847993e-02,8.6207183915e-03,1.5188493564e+00
9.5000000000e+01,8.1940028708e-01,1.4899040096e-01,6.1900481284e-03,1.1937311302e-03,1.7480263292e-03,1.5576924744e-02,6.9005816363e-03,1.7360932339e+00
9.6000000000e+01,5.4926066678e-01,3.7245681819e-01,3.3730618829e-02,1.0544108869e-02,3.2809080929e-02,2.9163269635e-04,9.0707370067e-04,2.4822724983e+00
9.7000000000e+01,3.6683813405e-01,5.6770410235e-01,2.1342933369e-02,8.3282793286e-03,2.8594321598e-02,6.7937228942e-03,3.9850640347e-04,2.4893115183e+00
9.8000000000e+01,3.2479590239e-01,6.0666491314e-01,2.6226366098e-02,4.4077673587e-03,2.5777822877e-02,9.1562677313e-03,2.9709604069e-03,2.5640979710e+00
9.9000000000e+01,4.7128961683e-01,4.4220492926e-01,3.4120813058e-02,1.8570647247e-02,2.4722470289e-02,6.8777162029e-03,2.2138071188e-03,2.8404223364e+00

# METADATA: {"config_sha256": "ea06182f60f4", "provenance": "Hardened_JPCL_Resubmission_v1.3"}
