time_fs,population_site_1,population_site_2,population_site_3,population_site_4,population_site_5,population_site_6,population_site_7,coherences
0.0000000000e+00,2.5113730951e-01,3.6654794036e-02,3.0025104879e-01,4.1534460816e-02,4.7211149457e-02,1.7945889472e-01,1.4375234267e-01,5.0732485919e+00
1.0000000000e+00,1.9564910219e-01,5.6833941733e-02,5.6761541160e-02,2.1195698747e-01,9.2419852424e-02,2.4118643628e-01,1.4519213874e-01,5.5306330402e+00
2.0000000000e+00,1.1801885302e-01,1.9741400797e-01,2.3918819980e-01,1.2139134084e-01,1.9522113377e-01,1.0245663428e-01,2.6309830317e-02,5.4997609751e+00
3.0000000000e+00,5.1424963944e-02,1.2793547424e-01,2.1340592092e-01,2.2838548294e-01,2.9933382377e-01,4.6194191706e-02,3.3320142480e-02,5.0954061155e+00
4.0000000000e+00,4.0145124789e-02,2.8565870943e-01,1.1416669021e-01,2.6835685364e-01,1.5186378656e-01,2.7016838251e-02,1.1279199712e-01,5.1536767404e+00
5.0000000000e+00,3.7513983542e-02,1.4398674792e-01,3.0865252565e-01,1.2635207484e-01,9.6652870220e-02,7.7592160667e-02,2.0924963716e-01,5.4062080968e+00
6.0000000000e+00,1.6941233163e-01,1.0389447908e-01,5.6389891919e-02,2.2543438917e-01,1.6975669343e-02,1.6012707000e-01,2.6776616886e-01,5.2205329241e+00
7.0000000000e+00,2.4539230754e-01,5.0576772352e-02,2.1630020975e-01,3.0352442706e-03,2.1990363244e-02,2.1557427266e-01,2.4713083018e-01,4.5232115676e+00
8.0000000000e+00,1.8641742252e-01,4.5662963350e-02,1.2937410229e-01,4.7435117126e-02,9.2089280141e-03,3.3690961741e-01,2.4499184930e-01,4.7326761932e+00
9.0000000000e+00,2.6756153670e-01,8.5307831380e-02,7.2180787307e-02,8.5243393639e-02,7.1915057969e-02,2.1475072930e-01,2.0304066371e-01,5.5134711906e+00
1.0000000000e+01,7.0905013323e-02,1.6730528500e-01,2.2664605375e-01,1.3758529361e-02,1.6168338175e-01,2.1609527404e-01,1.4360646277e-01,5.3231810827e+00
1.1000000000e+01,5.2235543304e-02,2.7726571020e-01,5.9088188501e-02,1.5421723109e-01,3.3509388926e-01,7.6262814015e-02,4.5836623633e-02,5.0517079192e+00
1.2000000000e+01,4.3955836337e-02,1.9504742502e-01,2.0458547531e-01,8.4726438246e-02,4.4217133381e-01,2.3577188075e-02,5.9363032010e-03,4.2452140962e+00
1.3000000000e+01,7.0872249358e-02,2.3118437331e-01,1.6805737176e-01,7.0095107022e-02,3.7796257728e-01,2.4954531969e-02,5.6873789289e-02,4.9193746992e+00
1.4000000000e+01,1.8435856340e-01,6.3171067831e-02,8.4330434633e-02,1.6422678575e-01,1.8827309143e-01,1.1328776015e-01,2.0235229681e-01,5.7427334356e+00
1.5000000000e+01,2.3615147544e-01,3.8177696668e-02,2.5657222536e-01,1.4604696361e-02,4.4818420985e-02,1.9040654607e-01,2.1926893912e-01,4.8808482250e+00
1.6000000000e+01,2.5982755779e-01,4.4441310058e-02,2.1906980275e-02,2.6388823608e-01,2.2744403010e-03,2.0599529507e-01,2.0166618042e-01,4.4423534607e+00
1.7000000000e+01,1.8882542293e-01,9.9471188334e-02,2.2791933258e-01,8.8855005209e-02,6.6689359583e-02,2.4469977443e-01,8.3539916934e-02,5.5914014967e+00
1.8000000000e+01,8.8312887479e-02,2.2947065516e-01,1.0031130822e-01,3.4868934657e-01,4.0521431722e-02,1.2200379309e-01,7.0690577756e-02,5.2494570479e+00
1.9000000000e+01,6.2668804707e-02,2.3862614007e-01,1.1169495242e-01,2.8693113446e-01,8.1279310935e-02,8.4060269413e-02,1.3473938799e-01,5.5065500684e+00
2.0000000000e+01,3.4457444083e-02,2.8113303963e-01,2.2090287328e-01,2.3565679980e-01,7.7545952134e-03,3.3258773470e-02,1.8683647453e-01,4.6357377598e+00
2.1000000000e+01,8.7681619210e-02,1.5295215125e-01,2.6048028018e-02,3.6693292637e-01,8.6995772758e-02,6.5460798377e-02,2.1392870401e-01,5.0894125639e+00
2.2000000000e+01,2.4834864515e-01,1.0839427005e-01,2.3526573966e-01,3.1894132440e-02,1.1890045227e-01,1.0250308342e-01,1.5469367700e-01,5.4999588614e+00
2.3000000000e+01,2.2662854352e-01,7.3207301952e-03,5.0688209725e-02,2.2558881998e-01,9.2904397655e-02,2.3962349340e-01,1.5724580553e-01,5.0151332473e+00
2.4000000000e+01,2.7250634700e-01,3.3621029796e-02,1.3275836094e-01,5.4600662778e-02,1.3577064101e-01,2.7802472246e-01,9.2718236013e-02,5.2683019306e+00
2.5000000000e+01,2.1371934463e-01,1.6624564959e-01,1.2987101613e-01,6.0217839441e-02,1.0032881954e-01,2.5901011876e-01,7.0607211903e-02,5.5905028131e+00
2.6000000000e+01,6.8743181031e-02,1.3716679091e-01,3.1603865107e-02,1.1026118281e-01,4.4396408808e-01,2.0517504127e-01,3.0858507893e-03,4.3694138344e+00
2.7000000000e+01,5.8463114336e-02,4.1925843447e-01,1.5289344377e-01,3.7195182577e-04,2.5268827814e-01,8.5844627842e-02,3.0480149611e-02,4.1522389999e+00
2.8000000000e+01,4.0274292804e-02,1.6576527115e-01,3.7031435373e-02,4.5521177010e-02,5.2126689813e-01,2.2255912106e-02,1.6788501343e-01,4.2648673846e+00
2.9000000000e+01,1.2993661332e-01,2.6447040141e-01,9.6308420984e-02,5.7846092133e-02,1.1322685991e-01,1.7204214539e-02,3.2100739771e-01,5.0506857774e+00
3.0000000000e+01,2.0864355143e-01,5.3540145640e-02,1.4485779896e-01,1.7704830229e-03,1.1458001352e-01,1.1252218280e-01,3.6408582463e-01,4.7033884605e+00
3.1000000000e+01,2.6358374154e-01,3.5617580814e-02,2.9346076268e-02,1.9644561490e-01,5.0541382962e-02,1.4036319637e-01,2.8410240714e-01,4.9982698462e+00
3.2000000000e+01,2.8393478873e-01,1.7416732847e-02,2.3978062057e-01,2.9673395748e-02,3.7427474252e-02,2.4943785738e-01,1.4232913047e-01,4.7452549451e+00
3.3000000000e+01,1.2866374447e-01,1.4607701938e-01,2.8256921001e-02,3.4873105807e-01,4.6843414393e-02,2.3845512158e-01,6.2972721093e-02,5.0281334848e+00
3.4000000000e+01,1.2311481762e-01,2.0843692983e-01,2.0386218249e-01,1.7334901387e-01,5.7483302277e-03,1.8741153580e-01,9.8077190155e-02,5.2359590975e+00
3.5000000000e+01,3.3717973062e-02,2.3838616098e-01,1.0994604656e-01,2.8456397103e-01,1.3176456127e-01,1.1029010547e-01,9.1331181635e-02,5.4221849726e+00
3.6000000000e+01,3.1785105429e-02,3.3337791694e-01,7.2300037964e-02,3.2189620170e-01,7.1161407474e-02,5.3266061193e-02,1.1621326930e-01,4.9067194004e+00
3.7000000000e+01,1.4967604001e-01,1.1663485333e-01,2.1182767516e-01,8.8539247906e-02,3.2182630209e-01,4.4666910752e-02,6.6828970746e-02,5.3673307178e+00
3.8000000000e+01,2.4542216307e-01,1.1855793243e-01,1.3276500312e-02,3.3547569853e-01,1.1775666792e-01,7.2659924537e-02,9.6851113205e-02,5.0421123190e+00
3.9000000000e+01,2.0344493135e-01,2.9191227864e-02,2.3652441012e-01,1.1033077357e-01,1.1865999130e-01,2.3565294159e-01,6.6195724194e-02,5.3887541489e+00
4.0000000000e+01,3.1145975621e-01,3.3578659656e-02,9.5574810712e-02,2.1673684024e-01,6.4382118107e-02,2.1394854758e-01,6.4319267501e-02,5.1798324604e+00
4.1000000000e+01,1.0573734549e-01,1.0066982029e-01,1.5329791319e-01,1.6950437501e-01,1.6928917659e-01,2.7217248233e-01,2.9328887099e-02,5.5030391203e+00
4.2000000000e+01,8.3544384607e-02,2.5463555478e-01,1.9664454822e-01,7.2372118547e-02,1.4151502674e-01,1.8060478170e-01,7.0683585407e-02,5.6210828748e+00
4.3000000000e+01,2.7385930607e-02,2.1711255684e-01,5.7421997581e-02,9.6281129928e-02,2.3422058206e-01,1.0149635823e-01,2.6608144476e-01,5.2487020042e+00
4.4000000000e+01,5.2846576400e-02,2.3799718927e-01,1.9034133420e-01,1.0768387360e-02,1.2379380739e-01,2.3051260596e-02,3.6120144478e-01,4.5811969934e+00
4.5000000000e+01,1.4687132186e-01,1.8741509039e-01,8.0851130992e-02,2.4950585379e-02,1.0516215673e-01,2.4092477534e-02,4.3065723710e-01,4.7322076887e+00
4.6000000000e+01,1.9637557877e-01,4.7549857826e-02,9.9439869268e-02,4.5805241407e-02,2.4833883909e-01,9.1895409273e-02,2.7059520436e-01,5.3113040911e+00
4.7000000000e+01,2.8475311831e-01,4.7767956403e-02,2.1758889655e-01,4.9069543826e-04,2.0330793912e-01,1.2057021521e-01,1.2552117897e-01,4.7274831552e+00
4.8000000000e+01,1.8208426626e-01,8.7478118140e-02,4.4330702877e-02,1.8284204113e-01,1.8704226544e-01,2.9361756001e-01,2.2605046141e-02,5.1768537982e+00
4.9000000000e+01,1.3642188312e-01,8.7685423013e-02,2.9012416678e-01,5.3660355739e-02,1.4060451855e-01,2.4798332229e-01,4.3520330515e-02,5.3368827588e+00
5.0000000000e+01,6.9601389600e-02,2.1621162175e-01,1.1025765776e-01,2.1081754290e-01,1.0860278480e-01,2.4241420027e-01,4.2094802918e-02,5.4876220328e+00
5.1000000000e+01,8.8660048001e-03,2.3225364850e-01,1.8253229509e-01,1.8804143810e-01,1.6529543065e-01,1.4046927900e-01,8.2541903853e-02,5.2781351177e+00
5.2000000000e+01,6.0615072973e-02,1.7183970060e-01,2.5016468070e-01,1.0456933472e-01,2.5019426488e-01,7.0151010384e-02,9.2465935743e-02,5.5199025849e+00
5.3000000000e+01,1.8642903338e-01,1.5184895787e-01,3.8915918267e-02,3.4363402978e-01,1.1826354746e-01,2.0406833003e-02,1.4050168024e-01,5.0836678519e+00
5.4000000000e+01,1.8051449458e-01,4.5888695219e-02,3.1865880081e-01,1.4632422617e-01,7.5500518096e-02,7.6987802898e-02,1.5612546223e-01,5.4185013456e+00
5.5000000000e+01,2.6459282762e-01,3.7327226511e-02,6.2284520088e-02,3.4064941732e-01,6.7506961918e-04,1.7314872671e-01,1.2132221213e-01,4.4345671500e+00
5.6000000000e+01,1.8066755703e-01,1.0010367979e-01,2.4220942379e-01,2.2253891093e-01,7.7600151395e-03,1.7275451505e-01,7.3965898273e-02,5.1554847406e+00
5.7000000000e+01,9.3496371318e-02,1.2073036338e-01,2.1630533130e-01,1.7713730460e-01,5.3227414009e-02,2.6058411202e-01,7.8519103365e-02,5.5566487361e+00
5.8000000000e+01,3.5894057653e-02,2.3691363575e-01,1.1226483031e-01,1.8116712851e-01,7.7821908024e-03,1.7934857736e-01,2.4662957961e-01,4.9791121746e+00
5.9000000000e+01,2.6349044281e-02,1.7047928922e-01,2.9887955590e-01,4.8377570998e-02,6.0310371801e-02,1.1400408446e-01,2.8160008334e-01,5.0307066756e+00
6.0000000000e+01,8.1402950849e-02,1.9737987270e-01,7.2387795373e-02,1.1834761478e-01,1.3961814035e-01,4.2864275311e-02,3.4799935063e-01,5.3164755906e+00
6.1000000000e+01,1.7815313391e-01,5.9813880868e-02,2.1609119929e-01,2.7452872807e-04,3.5681932182e-01,3.1006718697e-02,1.5784121669e-01,4.3768280707e+00
6.2000000000e+01,2.0391562891e-01,1.0528067194e-01,1.5421996404e-01,6.9745723467e-02,3.5403016734e-01,5.4362050234e-02,5.8445794069e-02,5.2638044488e+00
6.3000000000e+01,2.9156361560e-01,1.7932447466e-02,7.9545469940e-02,6.8919371348e-02,3.8735210265e-01,1.5320669588e-01,1.4802971168e-03,4.1561172200e+00
6.4000000000e+01,1.0659013007e-01,1.3791204078e-01,2.3586772082e-01,1.3126939453e-02,1.7635261616e-01,2.8475119466e-01,4.5399358050e-02,5.0748309696e+00
6.5000000000e+01,1.3808440384e-01,2.0312636777e-01,6.6695001018e-02,1.1614079305e-01,1.1396387046e-01,2.6430867613e-01,9.7680887741e-02,5.6851980855e+00
6.6000000000e+01,2.2203763402e-02,1.7667382795e-01,1.9040672325e-01,5.1012876752e-02,1.4728926740e-01,2.6716733906e-01,1.4524620218e-01,5.3168205848e+00
6.7000000000e+01,1.9408770769e-02,2.7080662076e-01,2.0100412019e-01,5.6333983641e-02,7.4322483579e-02,1.7316979967e-01,2.0495422139e-01,5.1845015047e+00
6.8000000000e+01,1.3078914743e-01,1.0198499220e-01,6.8782714591e-02,2.9690279323e-01,8.9239530994e-02,7.3183584198e-02,2.3911723736e-01,5.4841623166e+00
6.9000000000e+01,2.0447114318e-01,8.0706372293e-02,3.0893074506e-01,7.7231610151e-02,3.7964951857e-02,2.6123965218e-02,2.6457121223e-01,4.9576735461e+00
7.0000000000e+01,2.2307406800e-01,1.6381840569e-02,2.8693280201e-02,4.3050010406e-01,7.1275977242e-02,7.0093857590e-02,1.5998087233e-01,4.5578951942e+00
7.1000000000e+01,2.6279166837e-01,1.0119611766e-01,2.4969718577e-01,1.4433787948e-01,7.1090459943e-02,9.0575048025e-02,8.0311640748e-02,5.5604561101e+00
7.2000000000e+01,1.4713621739e-01,8.7320237339e-02,1.1681732051e-01,2.6785189454e-01,1.5966492876e-01,1.8169565848e-01,3.9513742975e-02,5.5691344482e+00
7.3000000000e+01,7.1642552238e-02,2.6599970039e-01,9.9256551350e-02,1.7163039352e-01,1.1418955600e-02,2.3369765744e-01,1.4635418946e-01,5.1781623537e+00
7.4000000000e+01,2.8705387621e-02,2.6560007370e-01,2.3070249147e-01,8.3827649281e-02,1.4388546219e-02,2.0396756810e-01,1.7280828361e-01,4.9629626226e+00
7.5000000000e+01,5.4077672984e-02,1.6621662101e-01,2.5109468060e-02,2.2333083013e-01,1.9751955841e-01,1.2796825840e-01,2.0577759101e-01,5.3860664552e+00
7.6000000000e+01,1.4564782815e-01,2.2851895975e-01,2.4783245791e-01,1.6423218266e-02,2.3182607811e-01,6.8905988157e-02,6.0845469655e-02,5.1320974042e+00
7.7000000000e+01,1.8449878205e-01,1.7213066174e-02,7.3983906293e-02,2.8293965780e-01,3.9886255185e-01,2.6699287051e-02,1.5802748787e-02,4.2226699135e+00
7.8000000000e+01,3.2943025151e-01,3.3338031606e-02,1.4634074197e-01,7.8945090633e-02,3.3547559784e-01,3.5277614371e-02,4.1192672073e-02,4.7123374128e+00
7.9000000000e+01,1.9423139800e-01,9.1022592213e-02,1.4771739962e-01,1.7680436952e-01,1.0655151145e-01,1.7858322184e-01,1.0508950735e-01,5.8666336782e+00
8.0000000000e+01,1.7259888279e-01,1.3461598955e-01,3.7587088902e-02,1.2210890378e-01,1.1047612807e-01,2.1796082968e-01,2.0465217723e-01,5.6424377263e+00
8.1000000000e+01,9.2193500217e-02,2.4718272294e-01,1.4451079792e-01,4.3938165493e-03,5.4978661960e-03,2.9104966295e-01,2.1517163323e-01,4.4044344122e+00
8.2000000000e+01,1.5005352763e-02,2.8488864581e-01,5.4531836851e-02,4.8943772791e-02,5.4395660123e-02,2.5957843045e-01,2.8265630121e-01,4.6899917039e+00
8.3000000000e+01,5.8326079774e-02,2.5483514824e-01,7.4297657508e-02,1.2794036230e-01,1.1985059017e-03,2.1110512500e-01,2.7229712128e-01,4.7239873324e+00
8.4000000000e+01,2.0689372131e-01,1.0571835368e-01,1.7443779637e-01,1.7610103332e-02,1.4219662788e-01,8.1455355669e-02,2.7168804177e-01,5.3206507301e+00
8.5000000000e+01,1.8264458207e-01,1.0076667192e-01,1.9937743917e-02,3.1700657834e-01,2.0537975389e-01,4.7234281081e-02,1.2703038878e-01,5.1304652672e+00
8.6000000000e+01,3.2039934976e-01,1.2632951447e-02,2.3589710669e-01,5.1117451329e-02,3.0082461414e-01,3.8867641032e-02,4.0260885603e-02,4.4592019876e+00
8.7000000000e+01,2.0869247339e-01,5.8404500966e-02,3.8262980410e-02,2.4531625137e-01,3.7783364538e-01,5.8115535735e-02,1.3374612748e-02,4.5733971782e+00
8.8000000000e+01,1.5542270493e-01,1.9169734591e-01,1.5818025306e-01,1.0464755890e-01,9.9247346508e-02,1.9230762960e-01,9.8497161081e-02,5.8680053843e+00
8.9000000000e+01,5.0808861117e-02,2.3120951192e-01,1.2520788011e-01,1.0023592706e-01,1.1339757925e-01,2.1440709045e-01,1.6473315009e-01,5.6685757739e+00
9.0000000000e+01,3.5620750553e-02,2.7898468391e-01,3.7614134318e-02,2.2140888243e-01,4.0728667558e-02,2.2930706239e-01,1.5633581885e-01,5.0391890962e+00
9.1000000000e+01,8.3144751772e-02,2.6474183282e-01,2.1996866484e-01,6.2475401294e-02,1.5829710182e-01,1.4169228121e-01,6.9679966247e-02,5.5540794655e+00
9.2000000000e+01,1.5376802544e-01,1.2781922496e-01,1.0329375569e-02,3.9424180335e-01,1.7660426699e-01,1.0062713043e-01,3.6610173261e-02,4.7983189102e+00
9.3000000000e+01,2.4545120479e-01,7.4412273789e-02,2.3122347026e-01,1.6103014658e-01,1.5962035145e-01,2.2280653638e-02,1.0598189949e-01,5.3741096547e+00
9.4000000000e+01,3.0161519361e-01,9.0824962787e-03,9.4259925267e-02,3.5971297501e-01,4.2211616245e-02,4.2740364372e-02,1.5037742921e-01,4.5283911611e+00
9.5000000000e+01,1.6875102277e-01,6.9775852063e-02,1.3476308147e-01,2.1870124305e-01,1.4212682995e-02,1.4399141993e-01,2.4980469772e-01,5.2909867138e+00
9.6000000000e+01,1.7081456846e-01,1.4186058960e-01,1.8378927416e-01,8.6631369756e-02,4.7336877449e-02,1.7688338406e-01,1.9268393652e-01,5.7085292867e+00
9.7000000000e+01,4.1441691159e-02,2.4773968003e-01,4.5200422877e-02,1.2995558683e-01,2.0080780851e-03,2.8025777613e-01,2.5339676489e-01,4.5318804122e+00
9.8000000000e+01,1.1850189997e-02,2.4135550499e-01,1.7560643197e-01,1.0980783714e-02,9.6683696148e-02,2.7482341790e-01,1.8869997528e-01,4.7290990180e+00
9.9000000000e+01,1.2215007646e-01,2.4373321275e-01,8.3093222880e-02,3.3769890974e-02,1.1241011175e-01,2.2137005046e-01,1.8347343472e-01,5.4990934092e+00
1.0000000000e+02,1.4892469935e-01,1.2560090970e-01,8.7800589299e-02,1.0785164558e-01,3.7792493642e-01,1.0242836755e-01,4.9468852096e-02,5.3617221838e+00
1.0100000000e+02,2.5635283760e-01,6.0360933562e-02,1.9732266864e-01,1.6800090185e-03,4.2535909118e-01,5.5907709978e-02,3.0167500186e-03,3.7557330897e+00
1.0200000000e+02,2.3552146878e-01,8.4172487609e-02,4.3897933201e-02,1.0310624584e-01,4.5389322738e-01,1.6230852707e-02,6.3177784484e-02,4.5626104781e+00
1.0300000000e+02,2.0591500744e-01,2.7234337117e-02,2.3248733604e-01,4.5340900039e-02,2.6849170193e-01,5.7105866887e-02,1.6342485055e-01,5.1271046316e+00
1.0400000000e+02,8.9467113883e-02,1.8779822792e-01,1.2791720754e-01,5.3947177191e-02,6.9855082310e-02,1.7867863089e-01,2.9233656027e-01,5.5028803506e+00
1.0500000000e+02,3.1773268264e-02,2.1279889888e-01,1.3573049688e-01,1.6976193630e-01,1.1123000289e-02,2.1532833232e-01,2.2348406708e-01,5.0625831953e+00
1.0600000000e+02,3.7461125818e-02,2.0216648238e-01,2.7466731720e-01,6.3982083633e-02,3.4070157655e-02,2.2393428324e-01,1.6371855007e-01,5.1634588789e+00
1.0700000000e+02,1.0437897925e-01,2.1315193664e-01,2.6158610678e-02,3.7282950037e-01,1.2603909326e-02,1.9786429638e-01,7.3012767365e-02,4.6853172899e+00
1.0800000000e+02,1.3460781684e-01,8.9597315254e-02,3.2755694379e-01,1.6948915037e-01,2.5953192437e-02,1.2367562041e-01,1.2911996089e-01,5.3622094007e+00
1.0900000000e+02,3.0440186941e-01,5.4460456528e-02,5.6599966275e-02,4.1242752825e-01,1.2210486377e-02,3.5173036682e-02,1.2472665648e-01,4.3657971162e+00
1.1000000000e+02,1.7859651694e-01,2.4995982693e-02,2.2325031657e-01,2.5120857932e-01,8.4378892842e-02,5.8478871105e-02,1.7909084054e-01,5.2996210638e+00
1.1100000000e+02,1.7749121130e-01,1.4114645405e-01,2.1528676132e-01,1.6939879033e-01,1.0336552477e-01,8.7012504807e-02,1.0629875342e-01,5.8386506465e+00
1.1200000000e+02,9.7004424044e-02,1.1684503739e-01,8.7496137527e-02,2.4623404679e-01,1.4468584291e-01,1.5917373067e-01,1.4856078068e-01,5.8124975856e+00
1.1300000000e+02,8.7700755953e-03,2.2622642905e-01,3.1672306619e-01,1.5942626413e-02,8.1696611189e-02,2.5512588148e-01,9.5515310084e-02,4.5616193469e+00
1.1400000000e+02,3.4544433071e-02,2.3287221271e-01,7.1495022951e-02,1.8240138032e-01,9.6477899896e-02,2.8754017047e-01,9.4668880578e-02,5.3374018527e+00
1.1500000000e+02,1.4623110499e-01,8.2670703629e-02,2.3804981464e-01,3.1135034725e-02,3.0240533164e-01,1.8768776223e-01,1.1820248143e-02,4.8861842222e+00
1.1600000000e+02,1.5205403139e-01,1.5716877826e-01,1.5760456780e-01,7.1844481050e-02,3.0857060585e-01,1.4219492410e-01,1.0562611543e-02,5.1840358386e+00
1.1700000000e+02,2.6444295026e-01,1.6292996077e-02,9.4135276486e-02,3.2100662262e-02,3.8968226287e-01,4.2823809762e-02,1.6052204228e-01,4.5681935926e+00
1.1800000000e+02,1.9921701223e-01,8.7133553787e-02,2.1503851002e-01,1.3016494894e-02,2.0463718678e-01,5.3219792770e-03,2.7563526301e-01,4.6153058451e+00
1.1900000000e+02,1.5447033117e-01,1.0827449837e-01,8.8777389872e-02,2.0186654701e-02,1.3252873086e-01,6.9011459699e-02,4.2675093532e-01,4.9639510047e+00
1.2000000000e+02,4.6321816670e-02,2.3907034104e-01,1.6753031231e-01,6.2438106778e-02,3.6015965125e-02,1.4470576651e-01,3.0391769157e-01,5.1743415175e+00
1.2100000000e+02,2.1486862791e-02,1.6116091484e-01,2.3735752925e-01,2.9461538391e-02,1.1453809757e-01,2.1867477607e-01,2.1732028109e-01,5.1459735957e+00
1.2200000000e+02,8.4120890335e-02,2.3717381244e-01,6.6156021303e-02,2.6416805058e-01,3.6968489127e-02,2.4100264255e-01,7.0410093667e-02,5.2338255472e+00
1.2300000000e+02,8.9404589761e-02,9.9756971896e-02,3.3721191307e-01,7.0261744395e-02,4.7529287045e-02,2.6968696997e-01,8.6148523865e-02,5.2073472824e+00
1.2400000000e+02,2.5832267931e-01,3.7545856638e-02,3.8097887227e-02,4.0106327932e-01,8.1119185449e-02,1.2769117336e-01,5.6159938693e-02,4.8063584011e+00
1.2500000000e+02,2.4284219303e-01,6.2400950603e-02,2.4464240381e-01,1.2664087371e-01,1.5761749900e-01,8.7358698119e-02,7.8497381736e-02,5.5834393961e+00
1.2600000000e+02,1.8812495880e-01,7.6856609540e-02,1.4206706022e-01,2.5163648015e-01,2.3449616568e-01,4.7408774339e-02,5.9409951281e-02,5.4274459673e+00
1.2700000000e+02,1.5765655983e-01,1.6155604880e-01,7.6199875973e-02,2.5554328620e-01,2.0966615667e-01,4.4307611869e-02,9.5070460668e-02,5.5396722022e+00
1.2800000000e+02,4.6109918273e-02,2.4933667961e-01,2.7510617857e-01,9.1634456528e-02,7.4531279058e-02,1.5208701775e-01,1.1119447021e-01,5.4400827279e+00
1.2900000000e+02,1.2092067230e-02,2.2344254800e-01,2.2633851941e-02,3.5182954101e-01,8.5681219919e-02,2.1306063097e-01,9.1260140930e-02,4.6770217210e+00
1.3000000000e+02,1.0188915711e-01,2.0964075530e-01,2.8300281264e-01,6.0542659870e-02,4.2287238583e-02,2.5591129344e-01,4.6726083051e-02,5.1641868370e+00
1.3100000000e+02,1.3954859906e-01,1.0277876585e-01,9.1524032543e-02,2.7354514987e-01,1.7373352653e-01,1.7703969156e-01,4.1830234593e-02,5.5628035937e+00
1.3200000000e+02,2.5207695138e-01,3.7565756097e-02,1.5506772445e-01,4.7226678679e-02,1.3014999999e-01,1.6304387355e-01,2.1486901585e-01,5.4266538298e+00
1.3300000000e+02,2.4732231615e-01,4.9411764400e-02,1.5878037990e-01,1.2734388698e-01,7.5832551269e-02,3.3975314673e-02,3.0733378662e-01,5.1951507304e+00
1.3400000000e+02,2.1943346573e-01,7.0372590706e-02,4.3114362304e-02,4.1041399674e-02,1.7310546237e-01,1.7646535249e-02,4.3528618397e-01,4.5347468266e+00
1.3500000000e+02,1.2406172848e-01,2.1991132197e-01,1.4656349720e-01,1.1846406299e-02,1.5625819394e-01,6.3066503695e-02,2.7829234841e-01,5.1842143768e+00
1.3600000000e+02,3.0913261151e-02,2.4826746917e-01,7.3557234112e-02,4.9140295546e-02,3.1530361449e-01,1.1678678764e-01,1.6603133789e-01,5.1390264332e+00
1.3700000000e+02,5.8275259066e-02,3.0414855412e-01,7.5438561727e-02,8.2592049704e-02,2.1524738430e-01,2.3353373273e-01,3.0764458349e-02,5.1382409560e+00
1.3800000000e+02,1.0345642239e-01,1.7086734835e-01,1.8401255742e-01,2.9539083637e-02,2.1071618949e-01,2.7607712010e-01,2.5331278611e-02,5.1477737982e+00
1.3900000000e+02,1.4753751688e-01,1.4115135244e-01,2.5195203019e-02,2.4531932286e-01,1.0645673558e-01,2.9827290441e-01,3.6066964816e-02,5.1314091838e+00
1.4000000000e+02,3.2723990352e-01,2.1545111352e-02,2.1158850998e-01,2.5615117965e-02,2.0461162690e-01,1.5421918875e-01,5.5180541536e-02,4.8506863655e+00
1.4100000000e+02,2.1591837745e-01,9.0538872843e-03,6.3675741774e-02,2.2411685793e-01,2.4133614544e-01,1.2362017128e-01,1.2227881884e-01,5.1410424878e+00
1.4200000000e+02,2.2325082643e-01,1.4836509370e-01,1.1829861443e-01,2.1470595884e-01,1.1264205900e-01,2.7183378662e-02,1.5555406894e-01,5.5530097644e+00
1.4300000000e+02,1.3027561369e-01,1.5768456159e-01,1.6851291699e-01,1.3949429466e-01,1.3113105383e-01,3.7572701231e-02,2.3532885801e-01,5.6723485449e+00
1.4400000000e+02,2.4583805766e-02,2.7343400536e-01,1.8108069950e-02,4.0852264542e-01,7.2081953581e-03,1.1131456216e-01,1.5682871600e-01,4.1437374590e+00
1.4500000000e+02,4.8293867705e-02,3.1841544784e-01,2.3715569114e-01,1.1054515453e-01,8.5166405882e-03,1.7618828888e-01,1.0088490932e-01,4.9203104986e+00
1.4600000000e+02,1.0634771149e-01,1.6179597829e-01,1.3753254110e-02,3.6229570738e-01,9.1003916891e-02,2.1353362930e-01,5.1269802542e-02,4.9425124445e+00
1.4700000000e+02,1.9779558353e-01,1.3669086785e-01,1.9960868651e-01,9.7380187432e-02,1.6575514634e-03,2.0121408863e-01,1.6565303459e-01,5.0988265139e+00
1.4800000000e+02,2.5320683749e-01,2.1316896507e-02,1.0171884988e-01,2.1287867948e-01,5.7907587572e-03,1.7275253426e-01,2.3233544363e-01,4.7756845613e+00
1.4900000000e+02,2.6244188994e-01,4.7561269326e-02,9.3961307985e-02,1.1940574017e-01,1.1684110973e-01,4.9756931844e-02,3.1003175100e-01,5.2707501437e+00
1.5000000000e+02,2.0785741682e-01,3.9974479476e-02,1.9158552006e-01,5.3823872119e-02,3.1296821190e-01,3.3355610435e-02,1.6043488919e-01,5.0918563209e+00
1.5100000000e+02,7.4446429359e-02,3.0902026136e-01,2.8450945579e-02,1.7377128895e-01,2.9773763668e-01,4.3556812885e-02,7.3016625193e-02,4.9479870549e+00
1.5200000000e+02,4.8289356900e-02,1.6539633567e-01,1.8278193088e-01,1.2539737189e-02,4.6412134092e-01,1.2058622044e-01,6.2850780035e-03,4.1699260913e+00
1.5300000000e+02,8.1281254057e-02,3.3614736800e-01,6.9832944666e-02,1.2666858472e-01,1.4854566025e-01,2.1352086411e-01,2.4003324200e-02,5.1875311082e+00
1.5400000000e+02,5.9553616001e-02,1.8512208714e-01,8.5635160572e-02,8.5856944254e-02,1.6898005737e-01,3.1429321843e-01,1.0055891623e-01,5.4960927971e+00
1.5500000000e+02,2.5754705799e-01,8.2373557602e-02,1.6229484144e-01,2.6407454370e-03,1.0762773785e-01,2.6716337344e-01,1.2035268624e-01,4.9565742935e+00
1.5600000000e+02,2.4793003021e-01,5.9394850089e-02,4.5159630291e-02,9.9189720679e-02,1.0422650711e-01,2.0514896883e-01,2.3895029279e-01,5.4195785521e+00
1.5700000000e+02,2.1399939961e-01,1.9473356594e-02,1.8768220112e-01,1.2431189755e-01,6.9520015018e-02,1.3393102962e-01,2.5108210048e-01,5.3436629310e+00
1.5800000000e+02,2.1215571015e-01,1.2052190220e-01,1.4806931402e-01,8.8291567617e-02,5.5215161700e-02,2.9093403289e-02,3.4665294102e-01,5.1703670964e+00
1.5900000000e+02,5.3452086511e-02,1.2847377252e-01,1.0843988265e-01,3.4663937490e-01,1.4143503925e-01,3.1768899609e-02,1.8979094456e-01,5.2383019774e+00
1.6000000000e+02,3.2881614420e-02,3.2735696282e-01,2.8108981816e-01,8.0490117922e-02,9.5134772696e-02,6.8089678949e-02,1.1495703503e-01,5.1296019320e+00
1.6100000000e+02,4.8237385731e-02,1.5516079667e-01,2.2515262187e-02,3.2967395638e-01,2.6011589806e-01,1.6271592901e-01,2.1580771959e-02,4.7506826782e+00
1.6200000000e+02,1.1908568692e-01,2.2141227593e-01,2.8892098675e-01,7.4878006077e-02,3.9909523383e-02,1.7915248406e-01,7.6641036875e-02,5.3840294861e+00
1.6300000000e+02,2.0000714914e-01,7.6935048180e-02,6.4256730607e-02,2.0031789923e-01,4.0086826317e-02,2.6325659531e-01,1.5513975121e-01,5.4152349595e+00
1.6400000000e+02,2.3936233078e-01,2.1672128349e-02,1.7125233270e-01,1.4178920321e-01,9.3630514641e-02,1.5911583658e-01,1.7317765373e-01,5.4916276818e+00
1.6500000000e+02,2.2700481612e-01,7.3281246756e-02,2.3330318472e-01,9.8164474374e-02,1.9279427652e-01,8.8978574611e-02,8.6473426902e-02,5.6302231258e+00
1.6600000000e+02,1.3748301687e-01,1.2002616455e-01,5.8175568185e-02,3.1313811618e-01,3.0250268293e-01,4.4740723889e-02,2.3933727400e-02,4.9255549656e+00
1.6700000000e+02,4.5546397491e-02,1.7554276274e-01,3.4502918040e-01,6.7001863560e-02,2.8626116658e-01,3.3140496414e-02,4.7478132819e-02,4.8254995818e+00
1.6800000000e+02,5.0503052025e-02,2.3685078018e-01,5.9161647207e-02,3.5496846983e-01,1.1425738409e-01,1.0842222507e-01,7.5836441595e-02,5.2155738744e+00
1.6900000000e+02,5.2662025896e-02,1.7971922121e-01,2.5372101261e-01,6.5362745771e-02,7.1091975521e-02,1.8389634195e-01,1.9354667704e-01,5.4932484884e+00
1.7000000000e+02,1.0988352411e-01,1.3463189527e-01,1.5142492166e-01,1.1576056888e-01,1.4641618710e-03,3.0854229208e-01,1.7829263612e-01,4.9719431948e+00
1.7100000000e+02,2.6639001523e-01,6.5163769052e-02,9.3141224032e-02,4.7671351699e-02,1.7707739790e-02,2.2356952289e-01,2.8635637731e-01,4.9338746035e+00
1.7200000000e+02,1.8543047595e-01,4.3269576341e-02,2.1216728970e-01,6.7562204909e-03,9.2021288547e-03,2.7434026225e-01,2.6883404641e-01,4.3807160923e+00
1.7300000000e+02,2.3300468782e-01,5.9877687705e-02,9.7427746428e-02,5.0207308633e-02,1.1955629737e-01,1.1972418510e-01,3.2020208695e-01,5.3567207680e+00
1.7400000000e+02,1.0909330446e-01,1.8128396605e-01,1.6669641159e-01,1.4124150207e-01,2.0265056554e-01,5.1813982170e-02,1.4722026812e-01,5.7686356601e+00
1.7500000000e+02,3.9588105704e-02,1.6490038548e-01,2.4650939772e-01,2.9552620253e-02,4.3325024756e-01,2.1667134903e-02,6.4532108383e-02,4.4424203447e+00
1.7600000000e+02,3.1377725039e-02,2.6941276993e-01,7.5026691017e-02,2.0355381168e-01,3.6173835866e-01,5.1769707267e-02,7.1209364028e-03,4.4504923392e+00
1.7700000000e+02,5.4285611758e-02,1.5384475753e-01,3.1949224752e-01,8.7061111029e-03,2.6259428570e-01,1.4333633685e-01,5.7740649541e-02,4.8326908958e+00
1.7800000000e+02,1.8271347767e-01,9.8473414895e-02,6.4681309590e-02,1.7927712263e-01,9.6088407069e-02,1.8950063396e-01,1.8926563419e-01,5.7565472141e+00
1.7900000000e+02,1.9887008861e-01,4.6353680981e-02,2.1748484971e-01,6.6877495862e-02,2.2308723871e-02,2.8952409170e-01,1.5858106927e-01,5.1101165350e+00
1.8000000000e+02,2.4419044471e-01,6.6584114069e-02,1.8626082180e-01,1.7116639620e-01,5.0956386192e-02,1.4943341741e-01,1.3140841961e-01,5.6167361611e+00
1.8100000000e+02,2.0977115221e-01,5.7016834217e-02,6.3021724908e-02,2.9974337192e-01,1.6782128790e-01,1.4773750951e-01,5.4888119330e-02,5.3686971988e+00
1.8200000000e+02,6.4774570748e-02,2.3587622522e-01,3.2204900444e-01,1.7286501819e-01,4.4525031921e-02,5.0274962049e-02,1.0963518743e-01,5.1990332676e+00
1.8300000000e+02,5.8920635578e-02,1.9841471157e-01,2.2108766457e-02,4.9736639289e-01,6.9810196225e-02,3.2937981639e-02,1.2044131564e-01,4.4515555283e+00
1.8400000000e+02,5.0646185111e-02,2.2045127693e-01,3.0167644990e-01,1.1905346377e-01,2.3126556040e-02,7.8091937915e-02,2.0695413034e-01,5.1271455577e+00
1.8500000000e+02,6.1141509203e-02,1.7784424505e-01,1.1095375161e-01,3.1319849173e-01,1.8268359651e-02,1.6465518322e-01,1.5393845953e-01,5.2250759287e+00
1.8600000000e+02,2.0558543961e-01,6.9547800513e-02,1.4368006228e-01,8.1963222982e-02,3.7442858207e-02,2.4606113464e-01,2.1571948177e-01,5.4337378225e+00
1.8700000000e+02,2.6849278866e-01,2.2359955261e-02,1.9806005339e-01,4.6053099877e-02,3.0776954198e-02,2.4534551388e-01,1.8891163473e-01,4.9181826551e+00
1.8800000000e+02,2.0184703474e-01,3.8902998820e-02,3.9558259576e-02,9.6607282055e-02,1.4749483653e-01,2.8402562595e-01,1.9156396232e-01,5.3045854079e+00
1.8900000000e+02,2.3394596253e-01,1.8628563660e-01,1.7683170764e-01,6.1171534829e-03,2.1043836581e-01,1.1660024367e-01,6.9780930260e-02,5.1423568227e+00
1.9000000000e+02,6.2510411517e-02,1.2071305202e-01,8.2915954501e-02,5.5133863314e-02,5.9971950043e-01,7.0833184736e-02,8.1740334769e-03,4.0678427811e+00
1.9100000000e+02,4.8407578538e-02,4.0998029207e-01,8.5391362443e-02,4.5284491164e-02,3.5062380197e-01,1.2649454564e-02,4.7663019252e-02,4.2361208196e+00
1.9200000000e+02,3.4104700147e-02,1.5817801603e-01,1.7591689390e-01,1.1559115317e-02,4.2767163520e-01,4.8306868711e-02,1.4426277070e-01,4.5833063021e+00
1.9300000000e+02,1.2609560674e-01,2.1096778041e-01,4.1179959885e-02,8.4727388748e-02,9.8554753539e-02,1.1760387690e-01,3.2087063378e-01,5.4097218557e+00
1.9400000000e+02,2.1659859745e-01,6.6497341271e-02,1.8902188309e-01,3.2711028684e-02,2.1026990497e-02,2.1823423030e-01,2.5590992871e-01,5.0365465070e+00
1.9500000000e+02,2.3206409879e-01,1.6416618056e-02,1.0164861482e-01,1.5361475421e-01,2.8891271404e-03,2.5934690924e-01,2.3401987774e-01,4.6045183729e+00
1.9600000000e+02,3.0448299587e-01,3.7253506785e-02,1.0355898790e-01,2.2602053329e-01,2.2710741673e-02,2.0110587359e-01,1.0486736088e-01,5.0762983579e+00
1.9700000000e+02,1.4043651398e-01,1.3898561034e-01,2.0319051826e-01,1.9718835975e-01,7.1866575563e-03,1.8962725083e-01,1.2338508929e-01,5.3195941378e+00
1.9800000000e+02,9.5890593461e-02,2.4472200413e-01,1.3006197304e-02,4.6485124435e-01,5.7943332555e-03,6.8957320597e-02,1.0677830691e-01,4.1333417060e+00
1.9900000000e+02,5.6431045679e-02,2.3746646841e-01,2.3115007525e-01,1.4068727146e-01,1.7270982806e-01,4.2274511534e-02,1.1928079961e-01,5.4886513486e+00
2.0000000000e+02,4.2519185066e-02,3.2885925400e-01,2.5118355530e-02,3.7666171257e-01,9.5315591060e-02,4.5900354467e-02,8.5625547309e-02,4.6049336027e+00
2.0100000000e+02,1.1595903690e-01,1.2204702042e-01,1.5527237531e-01,1.4449117389e-01,2.1197054124e-01,1.4712392547e-01,1.0313592677e-01,5.9125020730e+00
2.0200000000e+02,2.7791502744e-01,9.5296785999e-02,1.3803969667e-01,1.2756115907e-01,5.3192408771e-02,1.8520580755e-01,1.2278911450e-01,5.6356484760e+00
2.0300000000e+02,2.1682430264e-01,2.3698325472e-02,5.5632108746e-02,2.3349571059e-01,9.5697710949e-02,2.7850405244e-01,9.6147789170e-02,5.1793382333e+00
2.0400000000e+02,2.9250835318e-01,2.5272113780e-02,2.2255629586e-01,1.8988197974e-02,1.6731844683e-01,2.3300169285e-01,4.0354899522e-02,4.7696156178e+00
2.0500000000e+02,1.4315468199e-01,1.7552236405e-01,1.8197893413e-02,2.0778977661e-01,3.0943357898e-01,1.4034597849e-01,5.5557264634e-03,4.7287611108e+00
2.0600000000e+02,8.4049762036e-02,1.9853227352e-01,1.7807548476e-01,3.5653544565e-03,3.5476284753e-01,6.8276376518e-02,1.1273790118e-01,4.8074509125e+00
2.0700000000e+02,3.0262674605e-02,3.3904098995e-01,6.2761779788e-02,1.0423537879e-01,1.9171298472e-01,1.5995249893e-02,2.5599094226e-01,4.7594731695e+00
2.0800000000e+02,4.9718598552e-02,2.0175998404e-01,6.8160626854e-02,1.4449974954e-02,2.0484815916e-01,4.6094029622e-02,4.1496862682e-01,4.5928228089e+00
2.0900000000e+02,1.6982415191e-01,2.1698491740e-01,1.4289606027e-01,1.6928248768e-02,3.0712717047e-02,8.7106487662e-02,3.3554741695e-01,4.9325920447e+00
2.1000000000e+02,2.0342665421e-01,4.0117727397e-02,4.1566873106e-02,7.0272624480e-02,1.3856493740e-01,2.4213775261e-01,2.6391343080e-01,5.2416780536e+00
2.1100000000e+02,2.7373322878e-01,4.1856880626e-02,1.6965224036e-01,1.0132341010e-01,8.1259271422e-02,2.3209885321e-01,1.0007611550e-01,5.4575010693e+00
2.1200000000e+02,2.6255842165e-01,5.2201028432e-02,1.4239971451e-01,1.2081890618e-01,6.1860963994e-02,2.8396359167e-01,7.6197373573e-02,5.3678943085e+00
2.1300000000e+02,1.0287911342e-01,9.5593838104e-02,9.7036922490e-02,3.1554550578e-01,1.3044221525e-01,2.0826120915e-01,5.0241195805e-02,5.4762204176e+00
2.1400000000e+02,9.8365181299e-02,2.7613684894e-01,2.5273305835e-01,7.3721114170e-02,1.5650259675e-01,1.0765278004e-01,3.4888420450e-02,5.3698429780e+00
2.1500000000e+02,2.4003716853e-02,1.9704318171e-01,2.1810203168e-02,3.3384583359e-01,3.2089493651e-01,3.8530021697e-02,6.3872106470e-02,4.4746610962e+00
2.1600000000e+02,4.8931170359e-02,2.8343162767e-01,2.4391700392e-01,1.1484342326e-01,1.8916530657e-01,3.7545396910e-02,8.2166071307e-02,5.2584826867e+00
2.1700000000e+02,1.6412893959e-01,1.2983823675e-01,8.6803239249e-02,1.9944357519e-01,1.2937090472e-01,1.1811551783e-01,1.7229958668e-01,5.8912807141e+00
2.1800000000e+02,2.3425826060e-01,6.2712786543e-02,1.3173482493e-01,2.8674497163e-01,2.9949827259e-02,1.3663821901e-01,1.1796111003e-01,5.3454976869e+00
2.1900000000e+02,2.3043975657e-01,2.6663195345e-02,2.5622780210e-01,9.6735465127e-02,2.2039362211e-02,2.7813385175e-01,8.9760566892e-02,4.9340185117e+00
2.2000000000e+02,2.1822832863e-01,9.6428770128e-02,4.0411664268e-02,3.4512668694e-01,8.3962134850e-02,1.8293737480e-01,3.2905040379e-02,5.0764803580e+00
2.2100000000e+02,1.1080478743e-01,8.3766737179e-02,3.3326136271e-01,4.0650704724e-02,1.2160927093e-01,1.6801028101e-01,1.4189685601e-01,5.4339046781e+00
2.2200000000e+02,4.2960291648e-02,2.4663916320e-01,5.9617538361e-02,2.6085205646e-01,4.2868507972e-02,7.8612732006e-02,2.6844971035e-01,5.0730125910e+00
2.2300000000e+02,1.8105374173e-02,2.1646212584e-01,2.2517909701e-01,1.7488532369e-02,1.1274124341e-01,2.9836843074e-02,3.8018678412e-01,4.4367394779e+00
2.2400000000e+02,7.5804097215e-02,1.7401210871e-01,1.6234916957e-01,8.9514700591e-02,1.8257248227e-01,2.6624799794e-02,2.8912264185e-01,5.3642484220e+00
2.2500000000e+02,1.8730838814e-01,1.4389060672e-01,7.6256396295e-02,5.4219843682e-02,2.6853357853e-01,8.7706438292e-02,1.8208474834e-01,5.5648000695e+00
2.2600000000e+02,1.6367073942e-01,7.1214748853e-02,2.2946757211e-01,2.2152359642e-03,2.4482516816e-01,2.4011486115e-01,4.8491674340e-02,4.7721930506e+00
2.2700000000e+02,3.2909883913e-01,1.8484539020e-02,8.2003624059e-02,1.0258132859e-01,2.2458614821e-01,2.2627269772e-01,1.6972823270e-02,4.7414939578e+00
2.2800000000e+02,1.1259489950e-01,1.0535700056e-01,1.7640154972e-01,9.1420651163e-02,1.3308978190e-01,3.4668061015e-01,3.4455507007e-02,5.3591320769e+00
2.2900000000e+02,1.2656105607e-01,1.7400335103e-01,2.2527816787e-01,3.2988098697e-02,1.9978422973e-01,2.0694681802e-01,3.4438278574e-02,5.3333472000e+00
2.3000000000e+02,3.8174919028e-02,1.6353421072e-01,8.0224847970e-02,1.9388659137e-01,2.5230189933e-01,1.3473168397e-01,1.3714584760e-01,5.5691226642e+00
2.3100000000e+02,1.9799174127e-02,2.5739374635e-01,3.0479563803e-01,4.0102713840e-02,1.5740657796e-01,4.7353663379e-02,1.7314848632e-01,4.9090517722e+00
2.3200000000e+02,8.1850642369e-02,1.3130434011e-01,9.2874455069e-02,2.3878815214e-01,1.0758096102e-01,3.9588063504e-02,3.0801338579e-01,5.3696672359e+00
2.3300000000e+02,2.0974182311e-01,7.9658467624e-02,2.1248312726e-01,2.0933119243e-01,2.1056838992e-02,5.9759838269e-02,2.0796871232e-01,5.2715393061e+00
2.3400000000e+02,2.0099846017e-01,5.4291908926e-02,2.2413558416e-01,1.9621047671e-01,4.0810061035e-02,1.3116304006e-01,1.5239046894e-01,5.5140948082e+00
2.3500000000e+02,2.4418852478e-01,6.0857102061e-02,6.2660451931e-02,3.0520354582e-01,4.9387181340e-02,2.3364254141e-01,4.4060652661e-02,5.0472912707e+00
2.3600000000e+02,1.5025480307e-01,1.0951584810e-01,3.2561199481e-01,1.0135465988e-01,4.0264186905e-02,1.7932355582e-01,9.3674951416e-02,5.4400976834e+00
2.3700000000e+02,8.0277013655e-02,1.8260380101e-01,3.3058548641e-02,3.0145643570e-01,7.5753430939e-03,2.0659391264e-01,1.8843494526e-01,4.8427477864e+00
2.3800000000e+02,1.8077305765e-02,2.6145167022e-01,2.7722139548e-01,4.5822413721e-02,5.5961417530e-02,9.9549687739e-02,2.4191610955e-01,4.9062681859e+00
2.3900000000e+02,3.6872865695e-02,1.4344488498e-01,1.4920950879e-01,2.1888283264e-01,2.4303322572e-01,3.8979319893e-02,1.6957736228e-01,5.3862517258e+00
2.4000000000e+02,1.4093140888e-01,2.1370796403e-01,1.2691103627e-01,1.1627391728e-01,3.1246111207e-01,1.7593589636e-02,7.2120971840e-02,5.2255529429e+00
2.4100000000e+02,1.7667002820e-01,1.8366030510e-02,2.5503379201e-01,9.5135185152e-02,3.2705273290e-01,1.0871838523e-01,1.9023845999e-02,4.8024533400e+00
2.4200000000e+02,2.6866391315e-01,5.4827273693e-02,3.6233158408e-02,2.1793888256e-01,2.2574791898e-01,1.7822459060e-01,1.8364262620e-02,4.9657100356e+00
2.4300000000e+02,2.5333493631e-01,8.0673475939e-02,2.1164117710e-01,1.9318311295e-02,8.3248098714e-02,2.6457319562e-01,8.7210805027e-02,5.1732309507e+00
2.4400000000e+02,1.1508549484e-01,1.1087511423e-01,8.6228825305e-02,1.0292893093e-01,1.5968768523e-01,3.1563657775e-01,1.0955737172e-01,5.6518284420e+00
2.4500000000e+02,1.0033095009e-01,2.8228751731e-01,8.8499884915e-02,4.5704943755e-02,3.7677099160e-02,2.1901108772e-01,2.2648851706e-01,5.2366802278e+00
2.4600000000e+02,2.5694595520e-02,2.0242464111e-01,1.8631969492e-01,1.8324080918e-03,1.5270301969e-01,1.5393339913e-01,2.7709224155e-01,4.7320845244e+00
2.4700000000e+02,3.7888329894e-02,2.6070227246e-01,5.3673487950e-02,1.4945105677e-01,4.7274764201e-02,6.8154964375e-02,3.8285512435e-01,4.8600272163e+00
2.4800000000e+02,1.7674355987e-01,9.6873508126e-02,1.9830696719e-01,1.2004988714e-01,1.3141951632e-01,2.6768821343e-02,2.4983774001e-01,5.4995452471e+00
2.4900000000e+02,2.0130833139e-01,8.3353566828e-02,1.3278643163e-01,1.6652530147e-01,2.3912547957e-01,2.5575925660e-02,1.5132496346e-01,5.4912461962e+00
2.5000000000e+02,2.9196687235e-01,1.5934923176e-03,1.0093510342e-01,2.1896187544e-01,2.2681083847e-01,1.3892115326e-01,2.0810664737e-02,4.5654545043e+00
2.5100000000e+02,1.9835215912e-01,1.0711141450e-01,2.1301417803e-01,9.0502146863e-02,1.7822001695e-01,1.8321165579e-01,2.9588428754e-02,5.5393889108e+00
2.5200000000e+02,1.7229975626e-01,1.5719112331e-01,1.1838792410e-02,2.4696873547e-01,4.6100265264e-02,2.3402726065e-01,1.3157406663e-01,5.1431302106e+00
2.5300000000e+02,4.7816682384e-02,2.2732143090e-01,2.0853545579e-01,4.1973260173e-02,1.2114325249e-01,2.1574872812e-01,1.3746119014e-01,5.4530468809e+00
2.5400000000e+02,2.5524655725e-02,3.4257738208e-01,5.1783947461e-02,2.6298979379e-01,6.6090089666e-02,1.3316567386e-01,1.1786845742e-01,5.0062738904e+00
2.5500000000e+02,8.0338432157e-02,1.7146433692e-01,1.2806757108e-01,1.8518952447e-01,3.4941537603e-01,4.8626406407e-02,3.6898352936e-02,5.1973203292e+00
2.5600000000e+02,1.9208269886e-01,1.7868963583e-01,1.8399901088e-01,2.1936159304e-01,1.3949094873e-01,2.9771041279e-02,5.6605071374e-02,5.4630193499e+00
2.5700000000e+02,1.8716696966e-01,3.6660438710e-02,4.0760871444e-02,4.1246964405e-01,1.4640578675e-01,9.8424838628e-02,7.8111450761e-02,4.9734783365e+00
2.5800000000e+02,3.6125471721e-01,1.3311483620e-02,2.4236769918e-01,8.6184338607e-02,2.5573038463e-02,1.1990851727e-01,1.5140020565e-01,4.7484662585e+00
2.5900000000e+02,1.6580370003e-01,6.2816527636e-02,1.8599774087e-02,3.0501581455e-01,1.0647806313e-02,2.6993668122e-01,1.6717969617e-01,4.6553799387e+00
