time_fs,population_site_1,population_site_2,population_site_3,population_site_4,population_site_5,population_site_6,population_site_7,coherences
0.0000000000e+00,1.0000000000e+00,0.0000000000e+00,0.0000000000e+00,0.0000000000e+00,0.0000000000e+00,0.0000000000e+00,0.0000000000e+00,0.0000000000e+00
5.0000000000e-01,9.9992877407e-01,6.7753946576e-05,2.6664140489e-07,3.0604529542e-07,3.9342289466e-07,1.6442180919e-06,8.6165165951e-07,0.0000000000e+00
1.0000000000e+00,9.9971017176e-01,2.7568443504e-04,1.0733554797e-06,1.2468642816e-06,1.6029110753e-06,6.7442843555e-06,3.4763873065e-06,0.0000000000e+00
1.5000000000e+00,9.9933990801e-01,6.2827517184e-04,2.4067911266e-06,2.7868700956e-06,3.5490998642e-06,1.5276211046e-05,7.7978450762e-06,0.0000000000e+00
2.0000000000e+00,9.9879375901e-01,1.1494949565e-03,4.4050275143e-06,4.9644190180e-06,6.4385991005e-06,2.7187890752e-05,1.3750097983e-05,0.0000000000e+00
2.5000000000e+00,9.9813025197e-01,1.7808206337e-03,6.8570905177e-06,7.6895371681e-06,1.0079129464e-05,4.2899480135e-05,2.1402155227e-05,0.0000000000e+00
3.0000000000e+00,9.9744689734e-01,2.4270657241e-03,9.7825562701e-06,1.0821587913e-05,1.4415490956e-05,5.9963521110e-05,3.1053780971e-05,0.0000000000e+00
3.5000000000e+00,9.9651703078e-01,3.3107384079e-03,1.3444359853e-05,1.4755240541e-05,1.9962738175e-05,8.1356045437e-05,4.2712423284e-05,0.0000000000e+00
4.0000000000e+00,9.9542201558e-01,4.3494277277e-03,1.8213520222e-05,1.9378413778e-05,2.6551738432e-05,1.0823006708e-04,5.6182953472e-05,0.0000000000e+00
4.5000000000e+00,9.9429707192e-01,5.4189220924e-03,2.2709413189e-05,2.4242635183e-05,3.2600355692e-05,1.3395901524e-04,7.0494565314e-05,0.0000000000e+00
5.0000000000e+00,9.9316145806e-01,6.4931790774e-03,2.7712185477e-05,2.9381821719e-05,3.9313634242e-05,1.6232183288e-04,8.6633386124e-05,0.0000000000e+00
5.5000000000e+00,9.9162742662e-01,7.9550748463e-03,3.3602977866e-05,3.5696257125e-05,4.6942727129e-05,1.9651222398e-04,1.0474434738e-04,0.0000000000e+00
6.0000000000e+00,9.9002703121e-01,9.4755550792e-03,3.9988864803e-05,4.2454015838e-05,5.5767418104e-05,2.3564150230e-04,1.2356190925e-04,0.0000000000e+00
6.5000000000e+00,9.8837986421e-01,1.1027611769e-02,4.8997736747e-05,5.1085494955e-05,6.6755582689e-05,2.7820526884e-04,1.4747993418e-04,0.0000000000e+00
7.0000000000e+00,9.8656564866e-01,1.2743102815e-02,5.8089777543e-05,6.0020298606e-05,7.8885214834e-05,3.2384146708e-04,1.7041176592e-04,0.0000000000e+00
7.5000000000e+00,9.8494150622e-01,1.4278972289e-02,6.6531434079e-05,6.7932991823e-05,9.0967727382e-05,3.6323067363e-04,1.9085866626e-04,0.0000000000e+00
8.0000000000e+00,9.8275133964e-01,1.6362599029e-02,7.7699117919e-05,7.7281644311e-05,1.0355778800e-04,4.1195926133e-04,2.1556352016e-04,0.0000000000e+00
8.5000000000e+00,9.8021147742e-01,1.8772964153e-02,9.0896217781e-05,8.9438711061e-05,1.1864184431e-04,4.7238562095e-04,2.4419603742e-04,0.0000000000e+00
9.0000000000e+00,9.7756835961e-01,2.1270620203e-02,1.0517985804e-04,1.0432630439e-04,1.3600944515e-04,5.3793143397e-04,2.7757314113e-04,0.0000000000e+00
9.5000000000e+00,9.7486433557e-01,2.3810761776e-02,1.2233125612e-04,1.1974276408e-04,1.5737790692e-04,6.1279490808e-04,3.1265581601e-04,0.0000000000e+00
1.0000000000e+01,9.7204701525e-01,2.6501401527e-02,1.3979945964e-04,1.3266654910e-04,1.7213649979e-04,6.6822701339e-04,3.3875370519e-04,0.0000000000e+00
1.0500000000e+01,9.6929741482e-01,2.9099596354e-02,1.5802314847e-04,1.4513456872e-04,1.9146013622e-04,7.3242905507e-04,3.7594191475e-04,0.0000000000e+00
1.1000000000e+01,9.6714850254e-01,3.1101614594e-02,1.7198167542e-04,1.5845527012e-04,2.0807248117e-04,8.0182673444e-04,4.0954670204e-04,0.0000000000e+00
1.1500000000e+01,9.6383755964e-01,3.4211424831e-02,1.9141080303e-04,1.7751056142e-04,2.3097773218e-04,8.8425214393e-04,4.6686429144e-04,0.0000000000e+00
1.2000000000e+01,9.6107884586e-01,3.6804321766e-02,2.0958627548e-04,1.9381421042e-04,2.5426392628e-04,9.5392747538e-04,5.0524049017e-04,0.0000000000e+00
1.2500000000e+01,9.5804593452e-01,3.9661159777e-02,2.3614037488e-04,2.0863851034e-04,2.7371960663e-04,1.0264227655e-03,5.4798444795e-04,0.0000000000e+00
1.3000000000e+01,9.5427161311e-01,4.3211800414e-02,2.6756089263e-04,2.2783870495e-04,3.0673156641e-04,1.1174394155e-03,5.9701589277e-04,0.0000000000e+00
1.3500000000e+01,9.5188837953e-01,4.5442595583e-02,2.8938617755e-04,2.4343485854e-04,3.3345526568e-04,1.1593324852e-03,6.4341609878e-04,0.0000000000e+00
1.4000000000e+01,9.4884669326e-01,4.8284479992e-02,3.1855344695e-04,2.6304642211e-04,3.6143805478e-04,1.2491244890e-03,6.7666433086e-04,0.0000000000e+00
1.4500000000e+01,9.4631546764e-01,5.0627160923e-02,3.3812910743e-04,2.8689716344e-04,3.8891436422e-04,1.3335022955e-03,7.0992850926e-04,0.0000000000e+00
1.5000000000e+01,9.4184712368e-01,5.4792531794e-02,3.7712674746e-04,3.1918753068e-04,4.2722834043e-04,1.4712298619e-03,7.6557204626e-04,0.0000000000e+00
1.5500000000e+01,9.3865160050e-01,5.7761619310e-02,4.1406845743e-04,3.3809836948e-04,4.6217134819e-04,1.5510093077e-03,8.2143271130e-04,0.0000000000e+00
1.6000000000e+01,9.3396590952e-01,6.2287657066e-02,4.3970559014e-04,3.5041028759e-04,4.9787106764e-04,1.6177972604e-03,8.4064920759e-04,0.0000000000e+00
1.6500000000e+01,9.2955422019e-01,6.6447230101e-02,4.7676710310e-04,3.7599318484e-04,5.3588092094e-04,1.7192385401e-03,8.9066996168e-04,0.0000000000e+00
1.7000000000e+01,9.2617238122e-01,6.9613026666e-02,4.9797808255e-04,3.9791712581e-04,5.6921277605e-04,1.8116979905e-03,9.3778614279e-04,0.0000000000e+00
1.7500000000e+01,9.2181309203e-01,7.3719660553e-02,5.4350561961e-04,4.2067600543e-04,6.0190965536e-04,1.9220001307e-03,9.7915601073e-04,0.0000000000e+00
1.8000000000e+01,9.1607058517e-01,7.9219069026e-02,5.9028511567e-04,4.4293348222e-04,6.4509598035e-04,2.0198270220e-03,1.0122041994e-03,0.0000000000e+00
1.8500000000e+01,9.1192081023e-01,8.3018247225e-02,6.4115582615e-04,4.7353620455e-04,6.9431048578e-04,2.1756688171e-03,1.0762712153e-03,0.0000000000e+00
1.9000000000e+01,9.0822862156e-01,8.6403921496e-02,7.0223289223e-04,5.1611657338e-04,7.3111615358e-04,2.3065095190e-03,1.1114818056e-03,0.0000000000e+00
1.9500000000e+01,9.0322678599e-01,9.1191567982e-02,7.4399109157e-04,5.4686415690e-04,7.6510084503e-04,2.3658430579e-03,1.1598468718e-03,0.0000000000e+00
2.0000000000e+01,8.9924262987e-01,9.5007817750e-02,7.6890064230e-04,5.8121360424e-04,8.0077250415e-04,2.4023504468e-03,1.1963151844e-03,0.0000000000e+00
2.0500000000e+01,8.9246651538e-01,1.0145263658e-01,8.4009942824e-04,6.1557092511e-04,8.5786288985e-04,2.5088762290e-03,1.2584385621e-03,0.0000000000e+00
2.1000000000e+01,8.9029399959e-01,1.0345271237e-01,8.7770874136e-04,6.3384563885e-04,8.9096923759e-04,2.5489261768e-03,1.3018382418e-03,0.0000000000e+00
2.1500000000e+01,8.8759348102e-01,1.0600731395e-01,9.1708323896e-04,6.4200269068e-04,9.0521972810e-04,2.6068472925e-03,1.3280520813e-03,0.0000000000e+00
2.2000000000e+01,8.8105300154e-01,1.1226237388e-01,9.9329368237e-04,6.8722498736e-04,9.5949618687e-04,2.6579279958e-03,1.3866817288e-03,0.0000000000e+00
2.2500000000e+01,8.7755577065e-01,1.1561368359e-01,1.0329547506e-03,7.0370525075e-04,1.0007741926e-03,2.7086729615e-03,1.3844386112e-03,0.0000000000e+00
2.3000000000e+01,8.7339339504e-01,1.1965417746e-01,1.0962927750e-03,7.1207185577e-04,1.0242255223e-03,2.7442468280e-03,1.3755905204e-03,0.0000000000e+00
2.3500000000e+01,8.6910435072e-01,1.2375239178e-01,1.1558683156e-03,7.4882284238e-04,1.0465435608e-03,2.7992318600e-03,1.3927909264e-03,0.0000000000e+00
2.4000000000e+01,8.6468941298e-01,1.2791635984e-01,1.2195702123e-03,7.7949582843e-04,1.1112894687e-03,2.8751232778e-03,1.4087483985e-03,0.0000000000e+00
2.4500000000e+01,8.5859236535e-01,1.3375212324e-01,1.2797386682e-03,8.3500405461e-04,1.1589293279e-03,2.9501058816e-03,1.4317334782e-03,0.0000000000e+00
2.5000000000e+01,8.5189415465e-01,1.4028288922e-01,1.3457733467e-03,8.5927315441e-04,1.1652670822e-03,2.9901672281e-03,1.4624753223e-03,0.0000000000e+00
2.5500000000e+01,8.4562946689e-01,1.4613026498e-01,1.4331388766e-03,9.0256464054e-04,1.2460712389e-03,3.0950130102e-03,1.5634803601e-03,0.0000000000e+00
2.6000000000e+01,8.4101880494e-01,1.5046156373e-01,1.5120913513e-03,9.4425487522e-04,1.2889563382e-03,3.1828362119e-03,1.5914925627e-03,0.0000000000e+00
2.6500000000e+01,8.3749401782e-01,1.5375288136e-01,1.6056207090e-03,9.6881900136e-04,1.3255128002e-03,3.2171452518e-03,1.6360030583e-03,0.0000000000e+00
2.7000000000e+01,8.3358568872e-01,1.5723952997e-01,1.7388294761e-03,1.0115819617e-03,1.3968031636e-03,3.3454108435e-03,1.6821558657e-03,0.0000000000e+00
2.7500000000e+01,8.2773193668e-01,1.6285931265e-01,1.7758462431e-03,1.0467672274e-03,1.4517093129e-03,3.4110898157e-03,1.7233380655e-03,0.0000000000e+00
2.8000000000e+01,8.2444063880e-01,1.6589861367e-01,1.8448423453e-03,1.0809573337e-03,1.5102964501e-03,3.4926984065e-03,1.7319529994e-03,0.0000000000e+00
2.8500000000e+01,8.2311419295e-01,1.6696952866e-01,1.9171154938e-03,1.1440848175e-03,1.5541959859e-03,3.5532905254e-03,1.7475915662e-03,0.0000000000e+00
2.9000000000e+01,8.1672643888e-01,1.7302037223e-01,1.9883687757e-03,1.2067368922e-03,1.6246277465e-03,3.6292522383e-03,1.8042032311e-03,0.0000000000e+00
2.9500000000e+01,8.0637596219e-01,1.8294769678e-01,2.1137520327e-03,1.2506710530e-03,1.7004644329e-03,3.7346026669e-03,1.8768508431e-03,0.0000000000e+00
3.0000000000e+01,7.9673547763e-01,1.9208063873e-01,2.2147624853e-03,1.3209707600e-03,1.7704913018e-03,3.9408946336e-03,1.9367644651e-03,0.0000000000e+00
3.0500000000e+01,7.9094203282e-01,1.9734366398e-01,2.3726612891e-03,1.3972239121e-03,1.8504305536e-03,4.0716493433e-03,2.0223380980e-03,0.0000000000e+00
3.1000000000e+01,7.8233893540e-01,2.0560375493e-01,2.4890345487e-03,1.4488781039e-03,1.9345126375e-03,4.1350148583e-03,2.0498695199e-03,0.0000000000e+00
3.1500000000e+01,7.7402266024e-01,2.1344780661e-01,2.6151591049e-03,1.5063301572e-03,2.0218258421e-03,4.2694734684e-03,2.1167445775e-03,0.0000000000e+00
3.2000000000e+01,7.6712463406e-01,2.2001157538e-01,2.7009216489e-03,1.5406344011e-03,2.1291108678e-03,4.3389370326e-03,2.1541866173e-03,0.0000000000e+00
3.2500000000e+01,7.6375990310e-01,2.2301552902e-01,2.8318218805e-03,1.5655132731e-03,2.2476896851e-03,4.3809182810e-03,2.1986247572e-03,0.0000000000e+00
3.3000000000e+01,7.5596290745e-01,2.3034351363e-01,2.9851927086e-03,1.5744579290e-03,2.3674971412e-03,4.5071797130e-03,2.2592514235e-03,0.0000000000e+00
3.3500000000e+01,7.5080563228e-01,2.3526779860e-01,3.0558662365e-03,1.6057062777e-03,2.3979716214e-03,4.5710885830e-03,2.2959364017e-03,0.0000000000e+00
3.4000000000e+01,7.4309408140e-01,2.4261728266e-01,3.2544791582e-03,1.6533011579e-03,2.4509413684e-03,4.6150378921e-03,2.3148763633e-03,0.0000000000e+00
3.4500000000e+01,7.4119809923e-01,2.4426648557e-01,3.3361614545e-03,1.7343873402e-03,2.5156822595e-03,4.6070852358e-03,2.3420989079e-03,0.0000000000e+00
3.5000000000e+01,7.3435986215e-01,2.5059425220e-01,3.5041774320e-03,1.7852552080e-03,2.5955131877e-03,4.7609436724e-03,2.3999961494e-03,0.0000000000e+00
3.5500000000e+01,7.3281278242e-01,2.5190803540e-01,3.6272366010e-03,1.8109336673e-03,2.6851044741e-03,4.7088769065e-03,2.4470305296e-03,0.0000000000e+00
3.6000000000e+01,7.2885073909e-01,2.5571729314e-01,3.7924564834e-03,1.8241562838e-03,2.7271010925e-03,4.6624682997e-03,2.4257856174e-03,0.0000000000e+00
3.6500000000e+01,7.2319160861e-01,2.6122962786e-01,3.8705920385e-03,1.8502577521e-03,2.8142539874e-03,4.6271164865e-03,2.4165432660e-03,0.0000000000e+00
3.7000000000e+01,7.1307213435e-01,2.7084811447e-01,4.1106495316e-03,1.9169490386e-03,2.8990879780e-03,4.7290295813e-03,2.4240350563e-03,0.0000000000e+00
3.7500000000e+01,7.0936050747e-01,2.7425878974e-01,4.2320047248e-03,1.9727260839e-03,2.9874069594e-03,4.7500789329e-03,2.4384860854e-03,0.0000000000e+00
3.8000000000e+01,7.0322080943e-01,2.7999236883e-01,4.4334093342e-03,2.0166422823e-03,3.1023475467e-03,4.8002248285e-03,2.4341977415e-03,0.0000000000e+00
3.8500000000e+01,6.9735362613e-01,2.8560510840e-01,4.5658294408e-03,2.0284551464e-03,3.2080438312e-03,4.7919079205e-03,2.4470291383e-03,0.0000000000e+00
3.9000000000e+01,6.9184287453e-01,2.9089400213e-01,4.6966463183e-03,2.0494505469e-03,3.2590407638e-03,4.8192648737e-03,2.4387208366e-03,0.0000000000e+00
3.9500000000e+01,6.8392498500e-01,2.9843875557e-01,4.8655285510e-03,2.1267855568e-03,3.3296171452e-03,4.8767250070e-03,2.4376031684e-03,0.0000000000e+00
4.0000000000e+01,6.7855542883e-01,3.0360674900e-01,5.0374373971e-03,2.1424982052e-03,3.3761457261e-03,4.8582134762e-03,2.4235273660e-03,0.0000000000e+00
4.0500000000e+01,6.7481096591e-01,3.0698901354e-01,5.1813657095e-03,2.2175084934e-03,3.4839694339e-03,4.8691415406e-03,2.4480353786e-03,0.0000000000e+00
4.1000000000e+01,6.6885753688e-01,3.1246423104e-01,5.4762768770e-03,2.2791961703e-03,3.5337130653e-03,4.8920221764e-03,2.4970237903e-03,0.0000000000e+00
4.1500000000e+01,6.6199652733e-01,3.1912776049e-01,5.5094505419e-03,2.3048090819e-03,3.5937211124e-03,4.9610162899e-03,2.5067151547e-03,0.0000000000e+00
4.2000000000e+01,6.5892963084e-01,3.2181588660e-01,5.7396509361e-03,2.3149983895e-03,3.6862170718e-03,4.9946482016e-03,2.5189679612e-03,0.0000000000e+00
4.2500000000e+01,6.5397304285e-01,3.2612296316e-01,6.0430979678e-03,2.4237464099e-03,3.8177884729e-03,5.0627058117e-03,2.5566553293e-03,0.0000000000e+00
4.3000000000e+01,6.5113813012e-01,3.2903010375e-01,5.9655725064e-03,2.4503655210e-03,3.8746388970e-03,4.9769856540e-03,2.5642035485e-03,0.0000000000e+00
4.3500000000e+01,6.4618083294e-01,3.3360321468e-01,6.1225858494e-03,2.5261454777e-03,3.9410898284e-03,5.0591245905e-03,2.5670066349e-03,0.0000000000e+00
4.4000000000e+01,6.4427269752e-01,3.3484145984e-01,6.4416078340e-03,2.6033324890e-03,4.0139822779e-03,5.1597994552e-03,2.6671205841e-03,0.0000000000e+00
4.4500000000e+01,6.4136491091e-01,3.3719171404e-01,6.7027074542e-03,2.6147619508e-03,4.1134792833e-03,5.3224751992e-03,2.6899511713e-03,0.0000000000e+00
4.5000000000e+01,6.3536351305e-01,3.4282991741e-01,6.8711216117e-03,2.6586787773e-03,4.1879801047e-03,5.3821768162e-03,2.7066122244e-03,0.0000000000e+00
4.5500000000e+01,6.3031844426e-01,3.4731291063e-01,7.2098255846e-03,2.7688137221e-03,4.1887992639e-03,5.4708098651e-03,2.7303966817e-03,0.0000000000e+00
4.6000000000e+01,6.1652316030e-01,3.6056558392e-01,7.5169044476e-03,2.8367514688e-03,4.2359524837e-03,5.5633253714e-03,2.7583220135e-03,0.0000000000e+00
4.6500000000e+01,6.0592672984e-01,3.7061674660e-01,7.7925058010e-03,2.9429308168e-03,4.3195196370e-03,5.6021445537e-03,2.7994227556e-03,0.0000000000e+00
4.7000000000e+01,6.0247977618e-01,3.7350015047e-01,8.1823758517e-03,3.0067597168e-03,4.3619873746e-03,5.5994725791e-03,2.8694778262e-03,0.0000000000e+00
4.7500000000e+01,6.0071509856e-01,3.7528882112e-01,8.2917705544e-03,3.0511584696e-03,4.3359137707e-03,5.4766928444e-03,2.8405446813e-03,0.0000000000e+00
4.8000000000e+01,5.9148768731e-01,3.8446066718e-01,8.4002972591e-03,3.1334649100e-03,4.2873233675e-03,5.4449891247e-03,2.7855708436e-03,0.0000000000e+00
4.8500000000e+01,5.8683906357e-01,3.8906795087e-01,8.4140181617e-03,3.2067616008e-03,4.3051199921e-03,5.3770606468e-03,2.7900251612e-03,0.0000000000e+00
4.9000000000e+01,5.7709298399e-01,3.9809395500e-01,8.7719114173e-03,3.2601968733e-03,4.5476102578e-03,5.4318307503e-03,2.8015117166e-03,0.0000000000e+00
4.9500000000e+01,5.7600070500e-01,3.9852546341e-01,9.1181800526e-03,3.3252187747e-03,4.6698588342e-03,5.5302598929e-03,2.8303140401e-03,0.0000000000e+00
5.0000000000e+01,5.7517607197e-01,3.9911276167e-01,9.3224551007e-03,3.4015759749e-03,4.7495287545e-03,5.4362452473e-03,2.8013612815e-03,0.0000000000e+00
5.0500000000e+01,5.6477157412e-01,4.0937221192e-01,9.3423422528e-03,3.4535002748e-03,4.8860353828e-03,5.3985421355e-03,2.7757939146e-03,0.0000000000e+00
5.1000000000e+01,5.6459393182e-01,4.0921118046e-01,9.5064910237e-03,3.4918486000e-03,5.0119774194e-03,5.3996797774e-03,2.7848909006e-03,0.0000000000e+00
5.1500000000e+01,5.6401844811e-01,4.0949368963e-01,9.7241427914e-03,3.5108193500e-03,5.0582951487e-03,5.4362125781e-03,2.7583923977e-03,0.0000000000e+00
5.2000000000e+01,5.5585150880e-01,4.1717610692e-01,9.8770065955e-03,3.6442648486e-03,5.2080572999e-03,5.5101062415e-03,2.7329493000e-03,0.0000000000e+00
5.2500000000e+01,5.5214932795e-01,4.2026500541e-01,1.0181013133e-02,3.6907818919e-03,5.4136702781e-03,5.5196172790e-03,2.7805840575e-03,0.0000000000e+00
5.3000000000e+01,5.4433975131e-01,4.2776669455e-01,1.0573686715e-02,3.7240547128e-03,5.4426818562e-03,5.3828189902e-03,2.7703118672e-03,0.0000000000e+00
5.3500000000e+01,5.4395525300e-01,4.2828020659e-01,1.0474396735e-02,3.7028886263e-03,5.5764326888e-03,5.2355542544e-03,2.7752681026e-03,0.0000000000e+00
5.4000000000e+01,5.4214831437e-01,4.2982035333e-01,1.0673833120e-02,3.7162708704e-03,5.6568099666e-03,5.2915803041e-03,2.6928380341e-03,0.0000000000e+00
5.4500000000e+01,5.4529212300e-01,4.2612981511e-01,1.1008554674e-02,3.8353657052e-03,5.6672745159e-03,5.3482290084e-03,2.7186379936e-03,0.0000000000e+00
5.5000000000e+01,5.4666107584e-01,4.2386301606e-01,1.1511356795e-02,3.9746900612e-03,5.8622201005e-03,5.4033502779e-03,2.7242908697e-03,0.0000000000e+00
5.5500000000e+01,5.3747578119e-01,4.3304878291e-01,1.1525487918e-02,4.0464485362e-03,5.8928341097e-03,5.3096864052e-03,2.7009789286e-03,0.0000000000e+00
5.6000000000e+01,5.3185783137e-01,4.3775154692e-01,1.2156285595e-02,4.1152860054e-03,6.0577891137e-03,5.3694325553e-03,2.6918284409e-03,0.0000000000e+00
5.6500000000e+01,5.2380528004e-01,4.4547297503e-01,1.2411934255e-02,4.2000809512e-03,6.1097317566e-03,5.2825140973e-03,2.7174838711e-03,0.0000000000e+00
5.7000000000e+01,5.2328640428e-01,4.4542109043e-01,1.2606919292e-02,4.3043955571e-03,6.2310104275e-03,5.4106304710e-03,2.7395495388e-03,0.0000000000e+00
5.7500000000e+01,5.2080893144e-01,4.4696877913e-01,1.3203760579e-02,4.4751928833e-03,6.4045814232e-03,5.4355663704e-03,2.7031881670e-03,0.0000000000e+00
5.8000000000e+01,5.1516766003e-01,4.5169743213e-01,1.3780692613e-02,4.6160465288e-03,6.5749463481e-03,5.4515898963e-03,2.7116324594e-03,0.0000000000e+00
5.8500000000e+01,5.0768967828e-01,4.5873093469e-01,1.3991720253e-02,4.7258684987e-03,6.7448953611e-03,5.3819457281e-03,2.7349571825e-03,0.0000000000e+00
5.9000000000e+01,5.0302662023e-01,4.6286306613e-01,1.4395281297e-02,4.6999182998e-03,6.9283932780e-03,5.3736153359e-03,2.7131054289e-03,0.0000000000e+00
5.9500000000e+01,4.9747687407e-01,4.6806302652e-01,1.4439285661e-02,4.7538841704e-03,7.1779761553e-03,5.3885088939e-03,2.7004445343e-03,0.0000000000e+00
6.0000000000e+01,4.8870259257e-01,4.7629187361e-01,1.4913856285e-02,4.8452283182e-03,7.2993434248e-03,5.3050494031e-03,2.6420563877e-03,0.0000000000e+00
6.0500000000e+01,4.8959828294e-01,4.7500098675e-01,1.5097494960e-02,4.9038642097e-03,7.4577487602e-03,5.2957317217e-03,2.6458906583e-03,0.0000000000e+00
6.1000000000e+01,4.8290567435e-01,4.8133868926e-01,1.5271684080e-02,4.8956157377e-03,7.7217387748e-03,5.2411969184e-03,2.6254008794e-03,0.0000000000e+00
6.1500000000e+01,4.6799562852e-01,4.9663965231e-01,1.5254243852e-02,4.8903042291e-03,7.6592210760e-03,5.0071343195e-03,2.5538157023e-03,0.0000000000e+00
6.2000000000e+01,4.6093759994e-01,5.0321939436e-01,1.5658814255e-02,4.9411269401e-03,7.8420410766e-03,4.8733432863e-03,2.5276801443e-03,0.0000000000e+00
6.2500000000e+01,4.5357185214e-01,5.0967105163e-01,1.6122214689e-02,5.0604321708e-03,8.2678851897e-03,4.7937215898e-03,2.5128425969e-03,0.0000000000e+00
6.3000000000e+01,4.4493252305e-01,5.1809646690e-01,1.6263437780e-02,5.1538239160e-03,8.4610450956e-03,4.6460563169e-03,2.4466469431e-03,0.0000000000e+00
6.3500000000e+01,4.3956085542e-01,5.2289958784e-01,1.6558604193e-02,5.2786957244e-03,8.6580827684e-03,4.5667839033e-03,2.4773901503e-03,0.0000000000e+00
6.4000000000e+01,4.2876135487e-01,5.3385957762e-01,1.6655568033e-02,5.2383714562e-03,8.5419537523e-03,4.5443042819e-03,2.3988699924e-03,0.0000000000e+00
6.4500000000e+01,4.2028949934e-01,5.4165352242e-01,1.7147508337e-02,5.3776899901e-03,8.6431577409e-03,4.4769390749e-03,2.4116830972e-03,0.0000000000e+00
6.5000000000e+01,4.1580607959e-01,5.4546853158e-01,1.7690600484e-02,5.3803962102e-03,8.8626829939e-03,4.4175480196e-03,2.3741611230e-03,0.0000000000e+00
6.5500000000e+01,4.0949368066e-01,5.5125207553e-01,1.8151447773e-02,5.4105040661e-03,8.9834137809e-03,4.3961434243e-03,2.3127347620e-03,0.0000000000e+00
6.6000000000e+01,4.0748254402e-01,5.5292746106e-01,1.8265771318e-02,5.5236173372e-03,9.2135273585e-03,4.2791953652e-03,2.3078835398e-03,0.0000000000e+00
6.6500000000e+01,4.0389319803e-01,5.5622256965e-01,1.8706265989e-02,5.5360639277e-03,9.1670896994e-03,4.1611148180e-03,2.3136978860e-03,0.0000000000e+00
6.7000000000e+01,3.9605740061e-01,5.6383931822e-01,1.9017586197e-02,5.6123453313e-03,9.2179345926e-03,3.9690760228e-03,2.2863390307e-03,0.0000000000e+00
6.7500000000e+01,3.8817061479e-01,5.7091778696e-01,1.9248829053e-02,5.7738376580e-03,9.7105709417e-03,3.8953715030e-03,2.2829890917e-03,0.0000000000e+00
6.8000000000e+01,3.8346065950e-01,5.7591495936e-01,1.9118338928e-02,5.7272239957e-03,9.8043439648e-03,3.7424876797e-03,2.2319865705e-03,0.0000000000e+00
6.8500000000e+01,3.8480346877e-01,5.7495385430e-01,1.8857039988e-02,5.6235388481e-03,9.9046432235e-03,3.6762309605e-03,2.1812239073e-03,0.0000000000e+00
6.9000000000e+01,3.8674855782e-01,5.7262222629e-01,1.9189114404e-02,5.5606501623e-03,1.0077228274e-02,3.7103361051e-03,2.0918869457e-03,0.0000000000e+00
6.9500000000e+01,3.8743944708e-01,5.7168816125e-01,1.9408091251e-02,5.5696521664e-03,1.0216505544e-02,3.6196284095e-03,2.0585142933e-03,0.0000000000e+00
7.0000000000e+01,3.8179551406e-01,5.7795755619e-01,1.9069678952e-02,5.5830295898e-03,1.0226980667e-02,3.3760543887e-03,1.9911861529e-03,0.0000000000e+00
7.0500000000e+01,3.7527736608e-01,5.8448352295e-01,1.9139355464e-02,5.5654366403e-03,1.0335916998e-02,3.2234942394e-03,1.9749076284e-03,0.0000000000e+00
7.1000000000e+01,3.6524515747e-01,5.9424689514e-01,1.9552171169e-02,5.5713700853e-03,1.0299487389e-02,3.1753986015e-03,1.9095201403e-03,0.0000000000e+00
7.1500000000e+01,3.6330846009e-01,5.9585606880e-01,1.9815939138e-02,5.5875646288e-03,1.0380645509e-02,3.1540001196e-03,1.8973217082e-03,0.0000000000e+00
7.2000000000e+01,3.5844933682e-01,5.9998136393e-01,2.0366293113e-02,5.7166560036e-03,1.0549490702e-02,3.0947099204e-03,1.8421495160e-03,0.0000000000e+00
7.2500000000e+01,3.5609400678e-01,6.0200075276e-01,2.0913198064e-02,5.6096820322e-03,1.0624515894e-02,2.9488185856e-03,1.8090258884e-03,0.0000000000e+00
7.3000000000e+01,3.5691137406e-01,6.0076595637e-01,2.1423587056e-02,5.6228921766e-03,1.0657178313e-02,2.8422671744e-03,1.7767448533e-03,0.0000000000e+00
7.3500000000e+01,3.5784216217e-01,5.9979707868e-01,2.1302204126e-02,5.6945833832e-03,1.0876770402e-02,2.7618664651e-03,1.7253347746e-03,0.0000000000e+00
7.4000000000e+01,3.5833030393e-01,5.9916648488e-01,2.1789346329e-02,5.6704312992e-03,1.0741035367e-02,2.6174296412e-03,1.6849685592e-03,0.0000000000e+00
7.4500000000e+01,3.5289992995e-01,6.0504949748e-01,2.1741566976e-02,5.6431270473e-03,1.0528079247e-02,2.5180853676e-03,1.6197139317e-03,0.0000000000e+00
7.5000000000e+01,3.4930405829e-01,6.0898964417e-01,2.1967060357e-02,5.5244085418e-03,1.0207918254e-02,2.3928330383e-03,1.6140773477e-03,0.0000000000e+00
7.5500000000e+01,3.5122085537e-01,6.0654731334e-01,2.2511351510e-02,5.7146971482e-03,1.0174190171e-02,2.2651712089e-03,1.5664212515e-03,0.0000000000e+00
7.6000000000e+01,3.4474054484e-01,6.1274282028e-01,2.2854671853e-02,5.6763750872e-03,1.0296672838e-02,2.1850622885e-03,1.5038528107e-03,0.0000000000e+00
7.6500000000e+01,3.4591967919e-01,6.1110143889e-01,2.3245413046e-02,5.7175116970e-03,1.0416984681e-02,2.1140649302e-03,1.4849075637e-03,0.0000000000e+00
7.7000000000e+01,3.4143452936e-01,6.1555322638e-01,2.3498205009e-02,5.7332563446e-03,1.0322744117e-02,1.9978366705e-03,1.4602021207e-03,0.0000000000e+00
7.7500000000e+01,3.3684842925e-01,6.2084559666e-01,2.3246053101e-02,5.5950724895e-03,1.0106425549e-02,1.9092761684e-03,1.4491467847e-03,0.0000000000e+00
7.8000000000e+01,3.3498238492e-01,6.2271295327e-01,2.3139841600e-02,5.6387305415e-03,1.0237305734e-02,1.8513571285e-03,1.4374268090e-03,0.0000000000e+00
7.8500000000e+01,3.4318108348e-01,6.1372042418e-01,2.3764589237e-02,5.6826656980e-03,1.0462437008e-02,1.7807234494e-03,1.4080769484e-03,0.0000000000e+00
7.9000000000e+01,3.4430806297e-01,6.1218244855e-01,2.4179833228e-02,5.7752170698e-03,1.0432018971e-02,1.6904785991e-03,1.4319406077e-03,0.0000000000e+00
7.9500000000e+01,3.3878503901e-01,6.1766945777e-01,2.4236253047e-02,5.7703110837e-03,1.0503406196e-02,1.6343928992e-03,1.4011399954e-03,0.0000000000e+00
8.0000000000e+01,3.4614844538e-01,6.1033104448e-01,2.4134170125e-02,5.8768122305e-03,1.0593755848e-02,1.5449600609e-03,1.3708118736e-03,0.0000000000e+00
8.0500000000e+01,3.4230069983e-01,6.1407780423e-01,2.4402026080e-02,5.8770151342e-03,1.0553636933e-02,1.4501889937e-03,1.3386287998e-03,0.0000000000e+00
8.1000000000e+01,3.5079756598e-01,6.0601760450e-01,2.4464047298e-02,5.7426776980e-03,1.0326766775e-02,1.3683460440e-03,1.2829917040e-03,0.0000000000e+00
8.1500000000e+01,3.5937763440e-01,5.9714624368e-01,2.4934088267e-02,5.7319790080e-03,1.0236083367e-02,1.3135873975e-03,1.2603838816e-03,0.0000000000e+00
8.2000000000e+01,3.5465335774e-01,6.0221568576e-01,2.4861635658e-02,5.6380847448e-03,1.0168495227e-02,1.2265911643e-03,1.2361497089e-03,0.0000000000e+00
8.2500000000e+01,3.5835335806e-01,5.9769465424e-01,2.5720598139e-02,5.6217404867e-03,1.0208079742e-02,1.1585086874e-03,1.2430606532e-03,0.0000000000e+00
8.3000000000e+01,3.6313997612e-01,5.9357110277e-01,2.5536227040e-02,5.5393517003e-03,9.9435313583e-03,1.0685192714e-03,1.2012917413e-03,0.0000000000e+00
8.3500000000e+01,3.6697418848e-01,5.9032129191e-01,2.5319241867e-02,5.5025527764e-03,9.6923629565e-03,9.9073261283e-04,1.1996293900e-03,0.0000000000e+00
8.4000000000e+01,3.7424790819e-01,5.8368073181e-01,2.5048260491e-02,5.4253632346e-03,9.5181910028e-03,9.0258574202e-04,1.1769595325e-03,0.0000000000e+00
8.4500000000e+01,3.7110386301e-01,5.8625445166e-01,2.5749911460e-02,5.4618512641e-03,9.3974499276e-03,8.5184833695e-04,1.1806243450e-03,0.0000000000e+00
8.5000000000e+01,3.6512259502e-01,5.9188469553e-01,2.6099094090e-02,5.4951425688e-03,9.4104409372e-03,8.0384583116e-04,1.1841860194e-03,0.0000000000e+00
8.5500000000e+01,3.6858153381e-01,5.8820248053e-01,2.6437127200e-02,5.4278846040e-03,9.4391353933e-03,7.4798960600e-04,1.1638488583e-03,0.0000000000e+00
8.6000000000e+01,3.7176795879e-01,5.8483604417e-01,2.6847192267e-02,5.3098233865e-03,9.4037191217e-03,6.8489114209e-04,1.1503711222e-03,0.0000000000e+00
8.6500000000e+01,3.7732862468e-01,5.7910170975e-01,2.7055185181e-02,5.3604756655e-03,9.3558719666e-03,6.2873512964e-04,1.1693976313e-03,0.0000000000e+00
8.7000000000e+01,3.7699798116e-01,5.8027588203e-01,2.6567031000e-02,5.2089806161e-03,9.2197593970e-03,5.6963012638e-04,1.1607356696e-03,0.0000000000e+00
8.7500000000e+01,3.7459949366e-01,5.8276287983e-01,2.6667278221e-02,5.0893181790e-03,9.2218238273e-03,5.1945916955e-04,1.1397471169e-03,0.0000000000e+00
8.8000000000e+01,3.8384860408e-01,5.7330975532e-01,2.6929290787e-02,5.0285509875e-03,9.2929044186e-03,4.6873715851e-04,1.1221572537e-03,0.0000000000e+00
8.8500000000e+01,3.8531097503e-01,5.7203358707e-01,2.7152990507e-02,4.9625699615e-03,9.0187895683e-03,4.1501267140e-04,1.1060751917e-03,0.0000000000e+00
8.9000000000e+01,3.8886955134e-01,5.6830869478e-01,2.7438439256e-02,4.9457366956e-03,8.9633624738e-03,3.7279547526e-04,1.1014199774e-03,0.0000000000e+00
8.9500000000e+01,3.9539160129e-01,5.6204389371e-01,2.7383777183e-02,4.7637793228e-03,9.0052977776e-03,3.3202908244e-04,1.0796216372e-03,0.0000000000e+00
9.0000000000e+01,4.0850117683e-01,5.4892925027e-01,2.7542349984e-02,4.6753109053e-03,8.9498028716e-03,2.9821704947e-04,1.1038920854e-03,0.0000000000e+00
9.0500000000e+01,4.0986456629e-01,5.4727663326e-01,2.8099410282e-02,4.6510817134e-03,8.7209442704e-03,2.6193250001e-04,1.1254316796e-03,0.0000000000e+00
9.1000000000e+01,4.2182179861e-01,5.3515419298e-01,2.8384288565e-02,4.6206198627e-03,8.6678268081e-03,2.2966707514e-04,1.1216060938e-03,0.0000000000e+00
9.1500000000e+01,4.2714280660e-01,5.3003642374e-01,2.8386454638e-02,4.5712938691e-03,8.5523752850e-03,1.9249362453e-04,1.1181522436e-03,0.0000000000e+00
9.2000000000e+01,4.2343204879e-01,5.3361180042e-01,2.8474770799e-02,4.5898669669e-03,8.6114300490e-03,1.6199941790e-04,1.1180835567e-03,0.0000000000e+00
9.2500000000e+01,4.2111442157e-01,5.3594473932e-01,2.8727357881e-02,4.5178718140e-03,8.4529062635e-03,1.3250585522e-04,1.1101972952e-03,0.0000000000e+00
9.3000000000e+01,4.2474269307e-01,5.3259150134e-01,2.8781909500e-02,4.4325949058e-03,8.2144520228e-03,1.0697993050e-04,1.1298692393e-03,0.0000000000e+00
9.3500000000e+01,4.3415299584e-01,5.2356461887e-01,2.8748375192e-02,4.3445039661e-03,7.9594630279e-03,8.6269004841e-05,1.1437740979e-03,0.0000000000e+00
9.4000000000e+01,4.3481846393e-01,5.2294204253e-01,2.8889105727e-02,4.2811343045e-03,7.8371126568e-03,6.7002637271e-05,1.1651382202e-03,0.0000000000e+00
9.4500000000e+01,4.3803708300e-01,5.2051268552e-01,2.8372918200e-02,4.1412417819e-03,7.7153477814e-03,4.9266976154e-05,1.1714567426e-03,0.0000000000e+00
9.5000000000e+01,4.4567356673e-01,5.1213832052e-01,2.9157874430e-02,4.1338927701e-03,7.6423772600e-03,3.5751378009e-05,1.2182169128e-03,0.0000000000e+00
9.5500000000e+01,4.5330596840e-01,5.0383218757e-01,3.0066991125e-02,4.0502522975e-03,7.4809735643e-03,2.5109911857e-05,1.2385171319e-03,0.0000000000e+00
9.6000000000e+01,4.6553912029e-01,4.9168674842e-01,3.0261099576e-02,3.9772189719e-03,7.2844090561e-03,1.6253651387e-05,1.2351500410e-03,0.0000000000e+00
9.6500000000e+01,4.7122110522e-01,4.8627883328e-01,3.0050865661e-02,3.9648580226e-03,7.2294593889e-03,9.9116566866e-06,1.2449667683e-03,0.0000000000e+00
9.7000000000e+01,4.7110431459e-01,4.8689012238e-01,2.9921568550e-02,3.8796105678e-03,6.9449798185e-03,6.2332771825e-06,1.2531708194e-03,0.0000000000e+00
9.7500000000e+01,4.6656501499e-01,4.9153203312e-01,3.0204282455e-02,3.7368985429e-03,6.7029265274e-03,4.9279871231e-06,1.2539163701e-03,0.0000000000e+00
9.8000000000e+01,4.7031046520e-01,4.8826528856e-01,2.9920978286e-02,3.7318830160e-03,6.5026762378e-03,5.9690670765e-06,1.2627396288e-03,0.0000000000e+00
9.8500000000e+01,4.8073488600e-01,4.7805478071e-01,3.0034224782e-02,3.6730769001e-03,6.2234504416e-03,9.2184062862e-06,1.2703627554e-03,0.0000000000e+00
9.9000000000e+01,4.8232204734e-01,4.7785708814e-01,2.9126907379e-02,3.4780536848e-03,5.9835979950e-03,1.4175217397e-05,1.2181302413e-03,0.0000000000e+00
9.9500000000e+01,4.8529934785e-01,4.7499582359e-01,2.9206194868e-02,3.3428692424e-03,5.9065341584e-03,2.1298641259e-05,1.2279316521e-03,0.0000000000e+00
1.0000000000e+02,4.8838169267e-01,4.7156145951e-01,2.9579170380e-02,3.2651168086e-03,5.9374652948e-03,3.0705047228e-05,1.2443902884e-03,0.0000000000e+00

# METADATA: {"config_sha256": "ea06182f60f4", "provenance": "Hardened_JPCL_Resubmission_v1.3"}
