time_fs,population_site_1,population_site_2,population_site_3,population_site_4,population_site_5,population_site_6,population_site_7,coherences
0.0000000000e+00,1.0000000000e+00,0.0000000000e+00,0.0000000000e+00,0.0000000000e+00,0.0000000000e+00,0.0000000000e+00,0.0000000000e+00,0.0000000000e+00
5.0000000000e-01,9.9992866413e-01,6.7824754361e-05,2.6917193626e-07,3.0909181582e-07,3.9634696576e-07,1.6628483623e-06,8.7365663946e-07,2.4403784424e-02
1.0000000000e+00,9.9971315143e-01,2.7285474065e-04,1.0751221039e-06,1.2423188815e-06,1.5866211155e-06,6.5811177774e-06,3.5086466156e-06,4.9034655447e-02
1.5000000000e+00,9.9935334725e-01,6.1516386468e-04,2.4177651211e-06,2.8037471676e-06,3.5610056447e-06,1.4823424741e-05,7.8829475671e-06,7.3818521181e-02
2.0000000000e+00,9.9885480603e-01,1.0896018848e-03,4.3164807095e-06,4.8997705950e-06,6.3069041967e-06,2.6197963554e-05,1.3870964929e-05,9.8461922294e-02
2.5000000000e+00,9.9820931736e-01,1.7042522649e-03,6.7511122497e-06,7.5764975700e-06,9.8837799380e-06,4.0636851849e-05,2.1582133125e-05,1.2337634223e-01
3.0000000000e+00,9.9744896607e-01,2.4265742977e-03,9.8667779332e-06,1.0937718346e-05,1.4262306691e-05,5.8288036710e-05,3.1104795957e-05,1.4793089597e-01
3.5000000000e+00,9.9654507999e-01,3.2848746865e-03,1.3513290715e-05,1.4865377758e-05,1.9694241299e-05,7.9148930923e-05,4.2823487001e-05,1.7285930092e-01
4.0000000000e+00,9.9546765952e-01,4.3088797834e-03,1.8086265785e-05,1.9281226720e-05,2.6195113836e-05,1.0378783272e-04,5.6110257706e-05,1.9860386079e-01
4.5000000000e+00,9.9427923602e-01,5.4383430089e-03,2.3005456825e-05,2.4615765523e-05,3.3124005343e-05,1.3111601947e-04,7.0559724226e-05,2.2375238671e-01
5.0000000000e+00,9.9300803823e-01,6.6477792665e-03,2.8068047450e-05,3.0422695907e-05,4.0513343916e-05,1.5858207913e-04,8.6596341994e-05,2.4790563437e-01
5.5000000000e+00,9.9146240553e-01,8.1199487598e-03,3.4431293030e-05,3.7063855024e-05,4.9157915372e-05,1.9220856535e-04,1.0478408481e-04,2.7439522042e-01
6.0000000000e+00,9.8983695927e-01,9.6669909214e-03,4.1365806331e-05,4.3810450552e-05,5.8259473556e-05,2.2956197756e-04,1.2305210177e-04,2.9991848614e-01
6.5000000000e+00,9.8818073139e-01,1.1232653396e-02,4.9780615594e-05,5.2195504181e-05,6.8851448587e-05,2.7100535097e-04,1.4478229948e-04,3.2507228515e-01
7.0000000000e+00,9.8631768319e-01,1.2998476635e-02,5.8518884576e-05,6.0399957713e-05,8.1045122626e-05,3.1459855121e-04,1.6927765961e-04,3.5093856503e-01
7.5000000000e+00,9.8440027260e-01,1.4818329333e-02,6.7504890078e-05,6.8498537932e-05,9.2522848554e-05,3.6124966932e-04,1.9162212409e-04,3.7552454984e-01
8.0000000000e+00,9.8221938926e-01,1.6892517320e-02,7.8943756040e-05,7.8169547745e-05,1.0629391139e-04,4.0853989925e-04,2.1614630652e-04,4.0175900410e-01
8.5000000000e+00,9.7990372950e-01,1.9095537108e-02,8.9922653478e-05,8.8614069181e-05,1.1984070167e-04,4.5928019342e-04,2.4307577177e-04,4.2783504341e-01
9.0000000000e+00,9.7741576420e-01,2.1460378747e-02,1.0226736190e-04,1.0011508862e-04,1.3450189103e-04,5.1554715520e-04,2.7142555790e-04,4.5438963821e-01
9.5000000000e+00,9.7472226563e-01,2.4018169330e-02,1.1719656769e-04,1.1347873380e-04,1.5246197788e-04,5.7490257366e-04,3.0152518994e-04,4.8201602792e-01
1.0000000000e+01,9.7188799205e-01,2.6718514548e-02,1.3343991039e-04,1.2623155383e-04,1.6741179652e-04,6.3254256525e-04,3.3386757322e-04,5.0898945920e-01
1.0500000000e+01,9.6884916840e-01,2.9613155923e-02,1.4984133118e-04,1.3998483874e-04,1.8682712077e-04,6.9351100606e-04,3.6751137787e-04,5.3656804599e-01
1.1000000000e+01,9.6605017374e-01,3.2269990678e-02,1.6650237331e-04,1.5361133081e-04,2.0572088425e-04,7.5034469268e-04,4.0365630209e-04,5.6141284105e-01
1.1500000000e+01,9.6307734286e-01,3.5077630764e-02,1.8549782089e-04,1.7009394227e-04,2.2494100965e-04,8.2186682931e-04,4.4262677272e-04,5.8738598321e-01
1.2000000000e+01,9.6003447103e-01,3.7948020060e-02,2.0521124665e-04,1.8668780131e-04,2.4682072800e-04,8.9575836797e-04,4.8303076418e-04,6.1314793017e-01
1.2500000000e+01,9.5681189223e-01,4.0998325716e-02,2.2707705231e-04,2.0282254484e-04,2.6803630011e-04,9.6472317690e-04,5.2712297934e-04,6.3902596232e-01
1.3000000000e+01,9.5322186517e-01,4.4398176774e-02,2.5323898106e-04,2.1986151381e-04,2.9127851802e-04,1.0429535690e-03,5.7262547774e-04,6.6660102991e-01
1.3500000000e+01,9.5027175632e-01,4.7171950735e-02,2.7757355386e-04,2.3633368211e-04,3.1667485690e-04,1.1111401270e-03,6.1457072921e-04,6.8964289124e-01
1.4000000000e+01,9.4683162372e-01,5.0421607950e-02,3.0226340640e-04,2.5350272337e-04,3.4126946114e-04,1.1968160465e-03,6.5291669413e-04,7.1448974805e-01
1.4500000000e+01,9.4327240804e-01,5.3774421625e-02,3.3187251697e-04,2.7730769929e-04,3.6631154833e-04,1.2888704774e-03,6.8880809265e-04,7.3996824094e-01
1.5000000000e+01,9.3949082978e-01,5.7347293143e-02,3.6342224932e-04,3.0029730068e-04,3.9234949905e-04,1.3685733204e-03,7.3723470845e-04,7.6598817676e-01
1.5500000000e+01,9.3564801967e-01,6.0988197217e-02,3.9374683832e-04,3.1983115240e-04,4.1935221480e-04,1.4492469150e-03,7.8160599157e-04,7.9080785055e-01
1.6000000000e+01,9.3108236516e-01,6.5356140380e-02,4.2663216538e-04,3.4097643230e-04,4.5049193870e-04,1.5255758761e-03,8.1781804507e-04,8.1790021461e-01
1.6500000000e+01,9.2681738481e-01,6.9414570833e-02,4.6124320578e-04,3.6148759926e-04,4.7996928857e-04,1.6103424843e-03,8.5500178298e-04,8.4307756020e-01
1.7000000000e+01,9.2251438774e-01,7.3497586765e-02,4.9742047594e-04,3.8457050175e-04,5.0725739027e-04,1.7011786665e-03,8.9759846466e-04,8.6830588685e-01
1.7500000000e+01,9.1866791965e-01,7.7136062212e-02,5.4171455525e-04,4.0897232651e-04,5.3413122321e-04,1.7750113280e-03,9.3618870172e-04,8.9089551156e-01
1.8000000000e+01,9.1383237628e-01,8.1734058858e-02,5.8726381128e-04,4.3838071771e-04,5.6644964161e-04,1.8629264665e-03,9.7854422561e-04,9.1758079663e-01
1.8500000000e+01,9.0852691624e-01,8.6764705168e-02,6.3322234859e-04,4.6737995129e-04,6.1005709033e-04,1.9699016304e-03,1.0278175669e-03,9.4661147841e-01
1.9000000000e+01,9.0460056429e-01,9.0430914381e-02,6.8389327938e-04,4.9406691920e-04,6.4841471409e-04,2.0653492529e-03,1.0767971632e-03,9.7004776464e-01
1.9500000000e+01,9.0033268893e-01,9.4486770541e-02,7.3171534012e-04,5.2198734824e-04,6.8183492274e-04,2.1242064745e-03,1.1207964390e-03,9.9241592841e-01
2.0000000000e+01,8.9602383561e-01,9.8572084194e-02,7.7128288643e-04,5.5421585433e-04,7.1196993127e-04,2.2057296823e-03,1.1608818373e-03,1.0142931697e+00
2.0500000000e+01,8.8995533784e-01,1.0433287141e-01,8.2853254124e-04,5.8853359091e-04,7.6395635037e-04,2.3089187465e-03,1.2218495278e-03,1.0441993349e+00
2.1000000000e+01,8.8685352111e-01,1.0721718903e-01,8.6993827308e-04,6.0753217253e-04,7.9391414644e-04,2.3864151639e-03,1.2714901027e-03,1.0611619030e+00
2.1500000000e+01,8.8314008254e-01,1.1067974824e-01,9.2829051774e-04,6.3404076466e-04,8.2531398929e-04,2.4772985792e-03,1.3152253746e-03,1.0807823637e+00
2.2000000000e+01,8.7821102146e-01,1.1538119380e-01,9.8474252979e-04,6.6402901668e-04,8.5903374433e-04,2.5443349715e-03,1.3556444807e-03,1.1027446354e+00
2.2500000000e+01,8.7467527379e-01,1.1875812033e-01,1.0255405453e-03,6.8207993239e-04,8.8856821910e-04,2.5987412760e-03,1.3716759123e-03,1.1181298006e+00
2.3000000000e+01,8.6936140200e-01,1.2385778244e-01,1.0874905134e-03,7.0395583042e-04,9.1519612982e-04,2.6720934281e-03,1.4020796588e-03,1.1395280998e+00
2.3500000000e+01,8.6522396638e-01,1.2780577087e-01,1.1460351361e-03,7.2751295452e-04,9.4834247978e-04,2.7122231009e-03,1.4361490868e-03,1.1572067228e+00
2.4000000000e+01,8.6167616773e-01,1.3110069790e-01,1.2164013189e-03,7.6120748866e-04,9.9222234094e-04,2.7851275929e-03,1.4681756294e-03,1.1751557776e+00
2.4500000000e+01,8.5785790500e-01,1.3467720706e-01,1.2746692113e-03,7.9559698216e-04,1.0389424099e-03,2.8557571045e-03,1.4999222366e-03,1.1929054258e+00
2.5000000000e+01,8.5188187544e-01,1.4038114567e-01,1.3409606983e-03,8.2896987401e-04,1.0774530783e-03,2.9421872394e-03,1.5474079967e-03,1.2165844360e+00
2.5500000000e+01,8.4727157449e-01,1.4470965817e-01,1.4159522976e-03,8.5565455233e-04,1.1214545689e-03,3.0370667730e-03,1.5886391491e-03,1.2364212934e+00
2.6000000000e+01,8.4003471681e-01,1.5160209705e-01,1.5053343046e-03,9.0012329320e-04,1.1746504116e-03,3.1497588305e-03,1.6333193005e-03,1.2638364704e+00
2.6500000000e+01,8.3660902737e-01,1.5477524322e-01,1.5931037662e-03,9.2540855610e-04,1.2099229756e-03,3.2134306482e-03,1.6738634683e-03,1.2795807196e+00
2.7000000000e+01,8.3392244004e-01,1.5717219972e-01,1.6920451161e-03,9.5342957837e-04,1.2593745358e-03,3.2900847922e-03,1.7104262194e-03,1.2952416787e+00
2.7500000000e+01,8.2976728796e-01,1.6103692683e-01,1.7581569242e-03,9.9352472730e-04,1.3175945974e-03,3.3659009274e-03,1.7606080260e-03,1.3136497996e+00
2.8000000000e+01,8.2385876951e-01,1.6661076928e-01,1.8475047927e-03,1.0407711657e-03,1.3790224114e-03,3.4665340103e-03,1.7966288392e-03,1.3367793074e+00
2.8500000000e+01,8.1899879206e-01,1.7117484284e-01,1.9220105680e-03,1.0769397310e-03,1.4329011036e-03,3.5753344156e-03,1.8191792831e-03,1.3556275757e+00
2.9000000000e+01,8.1363787614e-01,1.7624328624e-01,1.9982115680e-03,1.1280988686e-03,1.4938954292e-03,3.6483807904e-03,1.8502509597e-03,1.3752654084e+00
2.9500000000e+01,8.0753932239e-01,1.8209160443e-01,2.0850258289e-03,1.1618391717e-03,1.5483091346e-03,3.6970350847e-03,1.8768639611e-03,1.3951118696e+00
3.0000000000e+01,8.0176429086e-01,1.8754151269e-01,2.1633745836e-03,1.2121865699e-03,1.6078567774e-03,3.7970226103e-03,1.9137559115e-03,1.4159651887e+00
3.0500000000e+01,7.9631656840e-01,1.9261828307e-01,2.2770729178e-03,1.2641894938e-03,1.6691063662e-03,3.8803396173e-03,1.9744401379e-03,1.4376248914e+00
3.1000000000e+01,7.9029166237e-01,1.9832616971e-01,2.3674887491e-03,1.3036180592e-03,1.7320496059e-03,3.9813149433e-03,1.9976965576e-03,1.4574689196e+00
3.1500000000e+01,7.8349732726e-01,2.0462160117e-01,2.4954526735e-03,1.3544614842e-03,1.8300831350e-03,4.1257522019e-03,2.0753220688e-03,1.4833706261e+00
3.2000000000e+01,7.7823742244e-01,2.0954336288e-01,2.6040627286e-03,1.4008011815e-03,1.8876273614e-03,4.2176714705e-03,2.1090519412e-03,1.5019169277e+00
3.2500000000e+01,7.7254451069e-01,2.1485641316e-01,2.7283707935e-03,1.4431179962e-03,1.9639305785e-03,4.3186227623e-03,2.1450340152e-03,1.5221677005e+00
3.3000000000e+01,7.6681015593e-01,2.2021967841e-01,2.8741189987e-03,1.4770959413e-03,2.0387559366e-03,4.3853799825e-03,2.1948148006e-03,1.5420318359e+00
3.3500000000e+01,7.6257270566e-01,2.2410179180e-01,2.9803766114e-03,1.5206453876e-03,2.1183149693e-03,4.4645593634e-03,2.2416062120e-03,1.5586851388e+00
3.4000000000e+01,7.5705474688e-01,2.2929011615e-01,3.1299097635e-03,1.5608571915e-03,2.1670728365e-03,4.5370966388e-03,2.2602005373e-03,1.5761468932e+00
3.4500000000e+01,7.5053155015e-01,2.3540879708e-01,3.2548155624e-03,1.6214949157e-03,2.2630764631e-03,4.6306438831e-03,2.2896219436e-03,1.5972370257e+00
3.5000000000e+01,7.4579329477e-01,2.3972659608e-01,3.3860382861e-03,1.6872299672e-03,2.3431283250e-03,4.7197376708e-03,2.3439749053e-03,1.6155505624e+00
3.5500000000e+01,7.3951806377e-01,2.4554684525e-01,3.5436808309e-03,1.7580737141e-03,2.4548328414e-03,4.7764240611e-03,2.4020795387e-03,1.6373353819e+00
3.6000000000e+01,7.3737782631e-01,2.4740867346e-01,3.6625561933e-03,1.8066378595e-03,2.5304800356e-03,4.7815685346e-03,2.4322576085e-03,1.6479555685e+00
3.6500000000e+01,7.3375242008e-01,2.5081179546e-01,3.7739469876e-03,1.8553155946e-03,2.5906749334e-03,4.7781626550e-03,2.4376842844e-03,1.6587819463e+00
3.7000000000e+01,7.2489854660e-01,2.5925634873e-01,3.9405258532e-03,1.9143650621e-03,2.6724866212e-03,4.8503321604e-03,2.4673949740e-03,1.6807169227e+00
3.7500000000e+01,7.1843997415e-01,2.6528111943e-01,4.0970030642e-03,1.9852141617e-03,2.7625959134e-03,4.9298329754e-03,2.5042603145e-03,1.7001808476e+00
3.8000000000e+01,7.1420760955e-01,2.6922265016e-01,4.2264376172e-03,2.0346423900e-03,2.8257618695e-03,4.9858863712e-03,2.4970120479e-03,1.7128206132e+00
3.8500000000e+01,7.0979581601e-01,2.7353113884e-01,4.2938526623e-03,2.0474350586e-03,2.8568392473e-03,4.9851573599e-03,2.4897608266e-03,1.7205506940e+00
3.9000000000e+01,7.0515857425e-01,2.7796050787e-01,4.4316617720e-03,2.0793549660e-03,2.9003777176e-03,4.9902415586e-03,2.4792818621e-03,1.7311980076e+00
3.9500000000e+01,6.9942013563e-01,2.8329119453e-01,4.6061846255e-03,2.1542971425e-03,2.9887145336e-03,5.0335035368e-03,2.5059700022e-03,1.7478560066e+00
4.0000000000e+01,6.9435254682e-01,2.8803307548e-01,4.7553772485e-03,2.2051026021e-03,3.0589614021e-03,5.0936060645e-03,2.5013303873e-03,1.7605409947e+00
4.0500000000e+01,6.9044605649e-01,2.9152547715e-01,4.9150546508e-03,2.2758053089e-03,3.1449305059e-03,5.1673614035e-03,2.5253144922e-03,1.7754111752e+00
4.1000000000e+01,6.8357517411e-01,2.9795143013e-01,5.1423753808e-03,2.3274415042e-03,3.2083450164e-03,5.2519794184e-03,2.5432544351e-03,1.7932302460e+00
4.1500000000e+01,6.8117720206e-01,3.0006905580e-01,5.2692104392e-03,2.3634115770e-03,3.2619381357e-03,5.3114134009e-03,2.5477685884e-03,1.8019740900e+00
4.2000000000e+01,6.7969262792e-01,3.0133212087e-01,5.4257296728e-03,2.4014653945e-03,3.3241621991e-03,5.2816098760e-03,2.5422840667e-03,1.8087703860e+00
4.2500000000e+01,6.7358366815e-01,3.0709916374e-01,5.6028946918e-03,2.4838703584e-03,3.4254762877e-03,5.2643395986e-03,2.5405871731e-03,1.8229233419e+00
4.3000000000e+01,6.6692636251e-01,3.1343642372e-01,5.6984446827e-03,2.5460819150e-03,3.5366684615e-03,5.2924921584e-03,2.5635265477e-03,1.8373212962e+00
4.3500000000e+01,6.5963735454e-01,3.2032520034e-01,5.8529093008e-03,2.6224280717e-03,3.6397920689e-03,5.3386482207e-03,2.5836674521e-03,1.8533553931e+00
4.4000000000e+01,6.5449424012e-01,3.2488674342e-01,6.1087293050e-03,2.7040094925e-03,3.7485286600e-03,5.4262305885e-03,2.6315184116e-03,1.8714175894e+00
4.4500000000e+01,6.4726919078e-01,3.3148622629e-01,6.3735709367e-03,2.7838127258e-03,3.8793483644e-03,5.5371746565e-03,2.6706762433e-03,1.8913364810e+00
4.5000000000e+01,6.4028079987e-01,3.3807852418e-01,6.5500179300e-03,2.8410018738e-03,3.9689357697e-03,5.5973753498e-03,2.6833450243e-03,1.9050523932e+00
4.5500000000e+01,6.3633442990e-01,3.4167089220e-01,6.7469269575e-03,2.9133936856e-03,4.0332970607e-03,5.6064129112e-03,2.6946472909e-03,1.9161670949e+00
4.6000000000e+01,6.2657367527e-01,3.5107452425e-01,6.9334879555e-03,2.9993044380e-03,4.0767615279e-03,5.6457572648e-03,2.6964892877e-03,1.9306559270e+00
4.6500000000e+01,6.2015622377e-01,3.5713371901e-01,7.1353571760e-03,3.1057710218e-03,4.1423667782e-03,5.6216936911e-03,2.7048685544e-03,1.9428262595e+00
4.7000000000e+01,6.1636693824e-01,3.6062868758e-01,7.3480190079e-03,3.1581861194e-03,4.1788791707e-03,5.6243159919e-03,2.6949738895e-03,1.9515235973e+00
4.7500000000e+01,6.1042274865e-01,3.6624257425e-01,7.5258138813e-03,3.2478052417e-03,4.2417076449e-03,5.6256679055e-03,2.6936824306e-03,1.9627907641e+00
4.8000000000e+01,6.0377305954e-01,3.7270448719e-01,7.6922953463e-03,3.3301749145e-03,4.2621280287e-03,5.5663558073e-03,2.6714991679e-03,1.9702782470e+00
4.8500000000e+01,5.9950161986e-01,3.7661920310e-01,7.8536910634e-03,3.4263797480e-03,4.3718353580e-03,5.5341810149e-03,2.6930898559e-03,1.9809996944e+00
4.9000000000e+01,5.9005949998e-01,3.8567962978e-01,8.0737453833e-03,3.4879367194e-03,4.4748641745e-03,5.5185819967e-03,2.7057419643e-03,1.9939671324e+00
4.9500000000e+01,5.8080671340e-01,3.9435541515e-01,8.3278141669e-03,3.5646034717e-03,4.5809078849e-03,5.6190076355e-03,2.7455382842e-03,2.0104375827e+00
5.0000000000e+01,5.7652740904e-01,3.9825889358e-01,8.5936475987e-03,3.6398496283e-03,4.6446987465e-03,5.5760726364e-03,2.7594287626e-03,2.0202426489e+00
5.0500000000e+01,5.6604947382e-01,4.0841740258e-01,8.6849735256e-03,3.7127931832e-03,4.7380159589e-03,5.6388961935e-03,2.7584447453e-03,2.0313912464e+00
5.1000000000e+01,5.5855928954e-01,4.1554694721e-01,8.9348253978e-03,3.7504262607e-03,4.8116504813e-03,5.6518619293e-03,2.7449991781e-03,2.0405897001e+00
5.1500000000e+01,5.5186370078e-01,4.2200641622e-01,9.0392159574e-03,3.7887072228e-03,4.8621765333e-03,5.6863050802e-03,2.7534782097e-03,2.0473330523e+00
5.2000000000e+01,5.4265353217e-01,4.3072738502e-01,9.2806261673e-03,3.8872177420e-03,4.9693971574e-03,5.7231391806e-03,2.7587025622e-03,2.0598281943e+00
5.2500000000e+01,5.3744240113e-01,4.3554046373e-01,9.5003982123e-03,3.9187479578e-03,5.1495891965e-03,5.6988727658e-03,2.7495270025e-03,2.0683805397e+00
5.3000000000e+01,5.3133841886e-01,4.4131076604e-01,9.7526883897e-03,3.9606602459e-03,5.2073923716e-03,5.6884748432e-03,2.7415992499e-03,2.0754639577e+00
5.3500000000e+01,5.2656772977e-01,4.4591607578e-01,9.7912441142e-03,4.0064703965e-03,5.3344851767e-03,5.6493889611e-03,2.7346058012e-03,2.0800165049e+00
5.4000000000e+01,5.2219205920e-01,4.4989580329e-01,1.0018137320e-02,4.0672034233e-03,5.4526258197e-03,5.6615826139e-03,2.7125883298e-03,2.0880950845e+00
5.4500000000e+01,5.1510448319e-01,4.5624003979e-01,1.0415665451e-02,4.1698463656e-03,5.6210812181e-03,5.7226175946e-03,2.7262663878e-03,2.1038795228e+00
5.5000000000e+01,5.1040828687e-01,4.6030194907e-01,1.0745448512e-02,4.2661508016e-03,5.7769595698e-03,5.7734155508e-03,2.7277896206e-03,2.1159968078e+00
5.5500000000e+01,5.0559206825e-01,4.6479726028e-01,1.0922503392e-02,4.3655286445e-03,5.8397472685e-03,5.7644956955e-03,2.7183964683e-03,2.1225896227e+00
5.6000000000e+01,4.9786015825e-01,4.7197261446e-01,1.1275633140e-02,4.4212051058e-03,5.9948949173e-03,5.7949759242e-03,2.6805182043e-03,2.1322172929e+00
5.6500000000e+01,4.9245512275e-01,4.7702245328e-01,1.1452481578e-02,4.4863001331e-03,6.0914799447e-03,5.8167397667e-03,2.6754225524e-03,2.1386182832e+00
5.7000000000e+01,4.8807321487e-01,4.8110349041e-01,1.1615634004e-02,4.5847621887e-03,6.1678090308e-03,5.7733380267e-03,2.6817514719e-03,2.1436420293e+00
5.7500000000e+01,4.8346543518e-01,4.8500081200e-01,1.2048418069e-02,4.7284394431e-03,6.3376818847e-03,5.7396732335e-03,2.6795401863e-03,2.1560466584e+00
5.8000000000e+01,4.7633972427e-01,4.9151659719e-01,1.2411575719e-02,4.8185043301e-03,6.5147742939e-03,5.7293499438e-03,2.6694742532e-03,2.1658360203e+00
5.8500000000e+01,4.7023574367e-01,4.9744814137e-01,1.2492658829e-02,4.8825002897e-03,6.6223017797e-03,5.6752865405e-03,2.6433675225e-03,2.1680606894e+00
5.9000000000e+01,4.6535620053e-01,5.0200756771e-01,1.2742688126e-02,4.8919382799e-03,6.7308688315e-03,5.6306839209e-03,2.6400526014e-03,2.1722550107e+00
5.9500000000e+01,4.5826938220e-01,5.0886041609e-01,1.2899584153e-02,4.9363914894e-03,6.8384427849e-03,5.5804353577e-03,2.6153479319e-03,2.1743297901e+00
6.0000000000e+01,4.5235294646e-01,5.1402215319e-01,1.3391127432e-02,5.0699981116e-03,6.9912362589e-03,5.5776179489e-03,2.5949205968e-03,2.1851736917e+00
6.0500000000e+01,4.4759096002e-01,5.1855545566e-01,1.3582555585e-02,5.1242201252e-03,7.0915870137e-03,5.4897955789e-03,2.5654260104e-03,2.1866341156e+00
6.1000000000e+01,4.4237967626e-01,5.2324322754e-01,1.3868114104e-02,5.1779715362e-03,7.3050945347e-03,5.4898874343e-03,2.5360285940e-03,2.1933007225e+00
6.1500000000e+01,4.3426555386e-01,5.3121455217e-01,1.4083184609e-02,5.2337888206e-03,7.3310850335e-03,5.3860165033e-03,2.4858189974e-03,2.1918910381e+00
6.2000000000e+01,4.2870023625e-01,5.3632408159e-01,1.4393016033e-02,5.2973498926e-03,7.4807920408e-03,5.3287723574e-03,2.4757518291e-03,2.1967742322e+00
6.2500000000e+01,4.2010112635e-01,5.4443624460e-01,1.4671349379e-02,5.3729202099e-03,7.6975312575e-03,5.2688247441e-03,2.4520034661e-03,2.2006908768e+00
6.3000000000e+01,4.1323352310e-01,5.5060286806e-01,1.5229243502e-02,5.4859592753e-03,7.8794435260e-03,5.1617384217e-03,2.4072241149e-03,2.2066275929e+00
6.3500000000e+01,4.0657460496e-01,5.5672809988e-01,1.5530554616e-02,5.6123711803e-03,8.0114391769e-03,5.1460094303e-03,2.3969207590e-03,2.2118117984e+00
6.4000000000e+01,3.9780614315e-01,5.6543742646e-01,1.5621942773e-02,5.6266409811e-03,8.0413575446e-03,5.1019161350e-03,2.3645729591e-03,2.2076237163e+00
6.4500000000e+01,3.9118493553e-01,5.7141498305e-01,1.6123780969e-02,5.6776002597e-03,8.2410624099e-03,5.0060575044e-03,2.3515802810e-03,2.2123533552e+00
6.5000000000e+01,3.8688057884e-01,5.7530985610e-01,1.6512009479e-02,5.6544908013e-03,8.3964006347e-03,4.9265765966e-03,2.3200875524e-03,2.2138846400e+00
6.5500000000e+01,3.8214629470e-01,5.7957831218e-01,1.6785610723e-02,5.7596846616e-03,8.5316388873e-03,4.8922420215e-03,2.3062168310e-03,2.2168267292e+00
6.6000000000e+01,3.8006872376e-01,5.8117673499e-01,1.7045201951e-02,5.8375866197e-03,8.7575275410e-03,4.8131371592e-03,2.3010879796e-03,2.2207083695e+00
6.6500000000e+01,3.7425015173e-01,5.8658339690e-01,1.7381190652e-02,5.9390903120e-03,8.8791100666e-03,4.6850202658e-03,2.2820400700e-03,2.2222354332e+00
6.7000000000e+01,3.6806734166e-01,5.9240513986e-01,1.7765554554e-02,6.0022886293e-03,8.9351052615e-03,4.5676182422e-03,2.2569517922e-03,2.2218895171e+00
6.7500000000e+01,3.6159923360e-01,5.9850738079e-01,1.7997759899e-02,6.0255191952e-03,9.1706215468e-03,4.4728387910e-03,2.2266461857e-03,2.2213970171e+00
6.8000000000e+01,3.5736370110e-01,6.0258259390e-01,1.8286009562e-02,6.0311319455e-03,9.2024094753e-03,4.3503160660e-03,2.1838379502e-03,2.2175156893e+00
6.8500000000e+01,3.5508755339e-01,6.0472874697e-01,1.8415777814e-02,6.0157546230e-03,9.3405097433e-03,4.2702476184e-03,2.1414098352e-03,2.2146113694e+00
6.9000000000e+01,3.5265059265e-01,6.0691291145e-01,1.8663314981e-02,5.9708590991e-03,9.4588544651e-03,4.2471350696e-03,2.0963322904e-03,2.2139077356e+00
6.9500000000e+01,3.5030161024e-01,6.0895732842e-01,1.9000616225e-02,5.9696875598e-03,9.5083071595e-03,4.1731897762e-03,2.0892606213e-03,2.2144834001e+00
7.0000000000e+01,3.4415813877e-01,6.1505810168e-01,1.9122454450e-02,6.0059927911e-03,9.5533733510e-03,4.0569972742e-03,2.0449416825e-03,2.2076658715e+00
7.0500000000e+01,3.3985634260e-01,6.1868658462e-01,1.9639909553e-02,6.1257037930e-03,9.6679202970e-03,4.0026454211e-03,2.0208937181e-03,2.2116465788e+00
7.1000000000e+01,3.3349270748e-01,6.2460335553e-01,2.0035960790e-02,6.2097767045e-03,9.7157771278e-03,3.9473289652e-03,1.9950934086e-03,2.2105754893e+00
7.1500000000e+01,3.2772609289e-01,6.3006787943e-01,2.0389376036e-02,6.2386757956e-03,9.7396264377e-03,3.8678378477e-03,1.9705115629e-03,2.2073304291e+00
7.2000000000e+01,3.2387134615e-01,6.3364102280e-01,2.0751835815e-02,6.2451143016e-03,9.7744457594e-03,3.7858010300e-03,1.9304341433e-03,2.2039894681e+00
7.2500000000e+01,3.2103909563e-01,6.3611509821e-01,2.1169275751e-02,6.2577610847e-03,9.8241179544e-03,3.6950583968e-03,1.8995929731e-03,2.2024507429e+00
7.3000000000e+01,3.1740889039e-01,6.3910735239e-01,2.1774260403e-02,6.3125537713e-03,9.8912890397e-03,3.6359138450e-03,1.8697401582e-03,2.2041704338e+00
7.3500000000e+01,3.1192654180e-01,6.4455538987e-01,2.1836132672e-02,6.2999626913e-03,1.0045565681e-02,3.5202956413e-03,1.8161116419e-03,2.1963418029e+00
7.4000000000e+01,3.0610653547e-01,6.5025073766e-01,2.2145219221e-02,6.2570067068e-03,1.0055230720e-02,3.4034147315e-03,1.7818554883e-03,2.1892210756e+00
7.4500000000e+01,3.0208651258e-01,6.5406142127e-01,2.2518702541e-02,6.2804842340e-03,1.0022811736e-02,3.3189459709e-03,1.7111216624e-03,2.1830475630e+00
7.5000000000e+01,2.9752530519e-01,6.5830584911e-01,2.2980260584e-02,6.2754090848e-03,9.9842708501e-03,3.2428090813e-03,1.6860960966e-03,2.1792024080e+00
7.5500000000e+01,2.9501134400e-01,6.6036495684e-01,2.3480043134e-02,6.4203684979e-03,9.9714270126e-03,3.1209756282e-03,1.6308848876e-03,2.1780614397e+00
7.6000000000e+01,2.9026368564e-01,6.6516652865e-01,2.3546981880e-02,6.3973191485e-03,1.0042807168e-02,3.0129927640e-03,1.5696847466e-03,2.1674588614e+00
7.6500000000e+01,2.8874597667e-01,6.6616263968e-01,2.3977428816e-02,6.4124396191e-03,1.0236468828e-02,2.9064867034e-03,1.5585596864e-03,2.1689474467e+00
7.7000000000e+01,2.8202774430e-01,6.7287362696e-01,2.4174154254e-02,6.3920962727e-03,1.0234434692e-02,2.7830387437e-03,1.5149047712e-03,2.1567319468e+00
7.7500000000e+01,2.7767161649e-01,6.7716664400e-01,2.4450941642e-02,6.3203598255e-03,1.0207067457e-02,2.6954962252e-03,1.4878743584e-03,2.1479956259e+00
7.8000000000e+01,2.7608243358e-01,6.7877043851e-01,2.4496572374e-02,6.3623084539e-03,1.0239046283e-02,2.5851955011e-03,1.4640052990e-03,2.1434357260e+00
7.8500000000e+01,2.7507149095e-01,6.7905969302e-01,2.5262248120e-02,6.4418862035e-03,1.0285299894e-02,2.4689432387e-03,1.4104385732e-03,2.1447247741e+00
7.9000000000e+01,2.7352338291e-01,6.8056405853e-01,2.5443310147e-02,6.4158122426e-03,1.0310966216e-02,2.3500626686e-03,1.3924072848e-03,2.1400900792e+00
7.9500000000e+01,2.7109167995e-01,6.8293924608e-01,2.5584560348e-02,6.4012527951e-03,1.0348181869e-02,2.2646770597e-03,1.3704019014e-03,2.1339999458e+00
8.0000000000e+01,2.7068824818e-01,6.8338578111e-01,2.5731950025e-02,6.3059608611e-03,1.0384676717e-02,2.1617593480e-03,1.3416237620e-03,2.1280205892e+00
8.0500000000e+01,2.6701730898e-01,6.8685992394e-01,2.6148924903e-02,6.2815738906e-03,1.0302355800e-02,2.0714948247e-03,1.3184176553e-03,2.1199329704e+00
8.1000000000e+01,2.6591836959e-01,6.8820862383e-01,2.6170504587e-02,6.2134081950e-03,1.0232316861e-02,1.9752478728e-03,1.2815290678e-03,2.1100076267e+00
8.1500000000e+01,2.6671613810e-01,6.8734827816e-01,2.6361590901e-02,6.2441878161e-03,1.0188121243e-02,1.8856080399e-03,1.2560757347e-03,2.1084724253e+00
8.2000000000e+01,2.6631061441e-01,6.8793679292e-01,2.6496879964e-02,6.1578064407e-03,1.0089298464e-02,1.7769367470e-03,1.2316710564e-03,2.1000180914e+00
8.2500000000e+01,2.6621576953e-01,6.8751375908e-01,2.7092334136e-02,6.1616791917e-03,1.0101496460e-02,1.6978882007e-03,1.2170734040e-03,2.1021950976e+00
8.3000000000e+01,2.6612204608e-01,6.8813652776e-01,2.7001448417e-02,6.0121175350e-03,9.9444601125e-03,1.6054625460e-03,1.1779375594e-03,2.0893193451e+00
8.3500000000e+01,2.6540902916e-01,6.8899550176e-01,2.7175823421e-02,5.9631745755e-03,9.7859997125e-03,1.5104801195e-03,1.1599912577e-03,2.0822024590e+00
8.4000000000e+01,2.6735327893e-01,6.8704809033e-01,2.7393527694e-02,5.8860177188e-03,9.7500522525e-03,1.4226515633e-03,1.1463815134e-03,2.0798676012e+00
8.4500000000e+01,2.6449728118e-01,6.8981576838e-01,2.7617253139e-02,5.8711357217e-03,9.7177612845e-03,1.3550270648e-03,1.1257732255e-03,2.0740587970e+00
8.5000000000e+01,2.6424768780e-01,6.8975144908e-01,2.8015286007e-02,5.8100939924e-03,9.7771900472e-03,1.2845569317e-03,1.1137361420e-03,2.0729112646e+00
8.5500000000e+01,2.6687126869e-01,6.8716299879e-01,2.8150131911e-02,5.7692114293e-03,9.7490235012e-03,1.2043432657e-03,1.0930224114e-03,2.0708381836e+00
8.6000000000e+01,2.6909786595e-01,6.8487046676e-01,2.8525180878e-02,5.6841603142e-03,9.6242926494e-03,1.1294240938e-03,1.0686093538e-03,2.0661933534e+00
8.6500000000e+01,2.6903060428e-01,6.8464825789e-01,2.8934221432e-02,5.6287400968e-03,9.6374477649e-03,1.0662954989e-03,1.0544330354e-03,2.0651287606e+00
8.7000000000e+01,2.7034445926e-01,6.8347668474e-01,2.9090473778e-02,5.5165199764e-03,9.5462379526e-03,9.9155189854e-04,1.0340723897e-03,2.0592660001e+00
8.7500000000e+01,2.7016577619e-01,6.8378692759e-01,2.9155857385e-02,5.3915007339e-03,9.5509077283e-03,9.2361732742e-04,1.0254130517e-03,2.0523054973e+00
8.8000000000e+01,2.7492684094e-01,6.7894161162e-01,2.9420342757e-02,5.3373084296e-03,9.5073731577e-03,8.5382800431e-04,1.0126950961e-03,2.0527497388e+00
8.8500000000e+01,2.7574704648e-01,6.7763769946e-01,3.0052038320e-02,5.3471102619e-03,9.3942670365e-03,8.0690875020e-04,1.0149296940e-03,2.0548131248e+00
8.9000000000e+01,2.7844280850e-01,6.7511920685e-01,3.0031318491e-02,5.2780736366e-03,9.3757382428e-03,7.4906188929e-04,1.0037923916e-03,2.0516829454e+00
8.9500000000e+01,2.8232052822e-01,6.7131930161e-01,3.0064935549e-02,5.1809712055e-03,9.4162865057e-03,6.9649662358e-04,1.0014802922e-03,2.0514633196e+00
9.0000000000e+01,2.8724258089e-01,6.6609781451e-01,3.0519618760e-02,5.1075390453e-03,9.3509857396e-03,6.6062153977e-04,1.0208395146e-03,2.0567158104e+00
9.0500000000e+01,2.9009483382e-01,6.6314890679e-01,3.0801557568e-02,5.0757087060e-03,9.2396695982e-03,6.1168094693e-04,1.0276425716e-03,2.0566291979e+00
9.1000000000e+01,2.9524883425e-01,6.5785680871e-01,3.1075517623e-02,4.9860164617e-03,9.2346653065e-03,5.6778605762e-04,1.0303715961e-03,2.0600274477e+00
9.1500000000e+01,3.0080095801e-01,6.5222740148e-01,3.1260158240e-02,4.9358568734e-03,9.2215409981e-03,5.2273010472e-04,1.0313542964e-03,2.0625757593e+00
9.2000000000e+01,3.0183665839e-01,6.5115302211e-01,3.1384978081e-02,4.8719559661e-03,9.2351284135e-03,4.7932619181e-04,1.0389308420e-03,2.0598916508e+00
9.2500000000e+01,3.0306629203e-01,6.5017755353e-01,3.1333257059e-02,4.7730100760e-03,9.1676503191e-03,4.3852372583e-04,1.0437132578e-03,2.0545588278e+00
9.3000000000e+01,3.0766626140e-01,6.4539706854e-01,3.1696905091e-02,4.7255199926e-03,9.0471027745e-03,4.0588888208e-04,1.0612533274e-03,2.0566304233e+00
9.3500000000e+01,3.1248320176e-01,6.4072406280e-01,3.1724662662e-02,4.6807024174e-03,8.9359498118e-03,3.7700431409e-04,1.0744162370e-03,2.0565195066e+00
9.4000000000e+01,3.1662277690e-01,6.3644082287e-01,3.1938250792e-02,4.6170623367e-03,8.9390349004e-03,3.4937391254e-04,1.0926782862e-03,2.0587555605e+00
9.4500000000e+01,3.2219418880e-01,6.3157899050e-01,3.1519656428e-02,4.4951155899e-03,8.8143776750e-03,3.1724278717e-04,1.0804282224e-03,2.0515294780e+00
9.5000000000e+01,3.2984525361e-01,6.2341215931e-01,3.2089101875e-02,4.4678261796e-03,8.7897949780e-03,2.9647721945e-04,1.0993868226e-03,2.0596226866e+00
9.5500000000e+01,3.3526827513e-01,6.1786822598e-01,3.2462520547e-02,4.3537104640e-03,8.6588208067e-03,2.7513044566e-04,1.1133166274e-03,2.0603233634e+00
9.6000000000e+01,3.4183713249e-01,6.1158053324e-01,3.2296220899e-02,4.2981049457e-03,8.6017490518e-03,2.5550458662e-04,1.1307547932e-03,2.0601627747e+00
9.6500000000e+01,3.4856543977e-01,6.0492101867e-01,3.2263711614e-02,4.2667719875e-03,8.5908494874e-03,2.3795886496e-04,1.1542496019e-03,2.0624452537e+00
9.7000000000e+01,3.5103814076e-01,6.0254048266e-01,3.2349328309e-02,4.1814063358e-03,8.4824869348e-03,2.2414416667e-04,1.1840108303e-03,2.0614698984e+00
9.7500000000e+01,3.5669091634e-01,5.9698687890e-01,3.2406113066e-02,4.1056068196e-03,8.3738506825e-03,2.1808315355e-04,1.2185510368e-03,2.0624006561e+00
9.8000000000e+01,3.6070572635e-01,5.9321301231e-01,3.2343667441e-02,4.0586703752e-03,8.2251946878e-03,2.1146609420e-04,1.2422627357e-03,2.0609462027e+00
9.8500000000e+01,3.6839765553e-01,5.8610237641e-01,3.2104935535e-02,3.9306736856e-03,8.0044884579e-03,2.0381218885e-04,1.2560581942e-03,2.0566506411e+00
9.9000000000e+01,3.7262261018e-01,5.8250238061e-01,3.1794546666e-02,3.8237632403e-03,7.7905635922e-03,1.9949007833e-04,1.2666456346e-03,2.0500568453e+00
9.9500000000e+01,3.7870956983e-01,5.7649865856e-01,3.1877255099e-02,3.7438067498e-03,7.6729183509e-03,2.0053246145e-04,1.2972589484e-03,2.0508090656e+00
1.0000000000e+02,3.8075016812e-01,5.7446496663e-01,3.1970639396e-02,3.6598430474e-03,7.6242151509e-03,2.0329753858e-04,1.3268701175e-03,2.0531440305e+00

# METADATA: {"config_sha256": "85ed4115d72b", "provenance": "Hardened_JPCL_Resubmission_v1.3"}
