time_fs,population_site_1,population_site_2,population_site_3,population_site_4,population_site_5,population_site_6,population_site_7,coherences
0.0000000000e+00,1.0000000000e+00,0.0000000000e+00,0.0000000000e+00,0.0000000000e+00,0.0000000000e+00,0.0000000000e+00,0.0000000000e+00,0.0000000000e+00
5.0000000000e-01,9.9992878468e-01,6.7744129328e-05,2.6660228310e-07,3.0598748231e-07,3.9332239809e-07,1.6437897317e-06,8.6149115211e-07,2.4350446265e-02
1.0000000000e+00,9.9971011145e-01,2.7574261847e-04,1.0732938552e-06,1.2470947879e-06,1.6031000534e-06,6.7460741529e-06,3.4763677291e-06,4.9274968312e-02
1.5000000000e+00,9.9933960418e-01,6.2857460179e-04,2.4063049774e-06,2.7869517262e-06,3.5482501522e-06,1.5282399038e-05,7.7973132517e-06,7.4429888426e-02
2.0000000000e+00,9.9879250720e-01,1.1507356624e-03,4.4063818413e-06,4.9646708135e-06,6.4396250818e-06,2.7199585762e-05,1.3746872005e-05,1.0062444822e-01
2.5000000000e+00,9.9812862139e-01,1.7824290699e-03,6.8577973165e-06,7.6883275707e-06,1.0080816792e-05,4.2927008255e-05,2.1395594258e-05,1.2577756720e-01
3.0000000000e+00,9.9744751298e-01,2.4264625439e-03,9.7801658849e-06,1.0814367657e-05,1.4415329237e-05,5.9965054389e-05,3.1049560716e-05,1.4813496662e-01
3.5000000000e+00,9.9651769208e-01,3.3100817009e-03,1.3441420306e-05,1.4745478392e-05,1.9968930919e-05,8.1353682824e-05,4.2716707456e-05,1.7358431559e-01
4.0000000000e+00,9.9542223296e-01,4.3491421552e-03,1.8219859380e-05,1.9367240475e-05,2.6568930981e-05,1.0827057967e-04,5.6198270809e-05,1.9986212908e-01
4.5000000000e+00,9.9429915587e-01,5.4168643568e-03,2.2705204037e-05,2.4222067918e-05,3.2599253068e-05,1.3394997084e-04,7.0503275028e-05,2.2348224799e-01
5.0000000000e+00,9.9316799859e-01,6.4867801838e-03,2.7693612568e-05,2.9344721707e-05,3.9291102301e-05,1.6225276850e-04,8.6639025684e-05,2.4570680395e-01
5.5000000000e+00,9.9163315803e-01,7.9495221354e-03,3.3573233879e-05,3.5653249383e-05,4.6900585554e-05,1.9643859312e-04,1.0475417458e-04,2.7200539075e-01
6.0000000000e+00,9.9003333306e-01,9.4694510708e-03,3.9942392922e-05,4.2401216397e-05,5.5712678388e-05,2.3560208028e-04,1.2355750352e-04,2.9749409468e-01
6.5000000000e+00,9.8838848587e-01,1.1019036165e-02,4.8970492458e-05,5.1047419310e-05,6.6714495444e-05,2.7820945209e-04,1.4753610526e-04,3.2315668039e-01
7.0000000000e+00,9.8657583828e-01,1.2732870715e-02,5.8066546956e-05,5.9990794203e-05,7.8863963383e-05,3.2389322475e-04,1.7047647804e-04,3.4886160419e-01
7.5000000000e+00,9.8495956960e-01,1.4261133464e-02,6.6480577972e-05,6.7878445634e-05,9.0947640346e-05,3.6314118803e-04,1.9084908579e-04,3.7047154064e-01
8.0000000000e+00,9.8276842807e-01,1.6345756304e-02,7.7656764074e-05,7.7218594192e-05,1.0353146987e-04,4.1186806441e-04,2.1554072927e-04,3.9700083039e-01
8.5000000000e+00,9.8022286255e-01,1.8761497730e-02,9.0884083775e-05,8.9412079996e-05,1.1864367982e-04,4.7248451340e-04,2.4421536741e-04,4.2630530482e-01
9.0000000000e+00,9.7757414558e-01,2.1264211147e-02,1.0519946826e-04,1.0438190426e-04,1.3606976999e-04,5.3828240282e-04,2.7770972737e-04,4.5576262534e-01
9.5000000000e+00,9.7486537711e-01,2.3808271547e-02,1.2242162381e-04,1.1988190342e-04,1.5756698322e-04,6.1355710659e-04,3.1292372809e-04,4.8517557479e-01
1.0000000000e+01,9.7204301437e-01,2.6504061804e-02,1.3994469674e-04,1.3282287690e-04,1.7229225519e-04,6.6892773481e-04,3.3893626498e-04,5.1161535546e-01
1.0500000000e+01,9.6929164922e-01,2.9103701279e-02,1.5821521895e-04,1.4528623239e-04,1.9166578961e-04,7.3322296494e-04,3.7625929252e-04,5.3778810408e-01
1.1000000000e+01,9.6715528961e-01,3.1093050750e-02,1.7210086109e-04,1.5860938718e-04,2.0825154480e-04,8.0279436571e-04,4.0990347669e-04,5.5874256152e-01
1.1500000000e+01,9.6383419336e-01,3.4211791298e-02,1.9154961093e-04,1.7778310322e-04,2.3125201919e-04,8.8565358908e-04,4.6777701692e-04,5.8881893085e-01
1.2000000000e+01,9.6107833299e-01,3.6801490986e-02,2.0969036904e-04,1.9413432079e-04,2.5462622874e-04,9.5545107534e-04,5.0627403107e-04,6.1281107729e-01
1.2500000000e+01,9.5804389776e-01,3.9659368067e-02,2.3636402800e-04,2.0896304313e-04,2.7406755871e-04,1.0281105711e-03,5.4922897196e-04,6.3796032725e-01
1.3000000000e+01,9.5425353550e-01,4.3224553059e-02,2.6798663355e-04,2.2825759456e-04,3.0735666893e-04,1.1196970816e-03,5.9861345924e-04,6.6849588271e-01
1.3500000000e+01,9.5188478806e-01,4.5441051463e-02,2.8977161668e-04,2.4385741565e-04,3.3420254099e-04,1.1610265317e-03,6.4530236698e-04,6.8795016386e-01
1.4000000000e+01,9.4884454027e-01,4.8280694181e-02,3.1903298442e-04,2.6355553269e-04,3.6232301855e-04,1.2513318679e-03,6.7852214669e-04,7.1182812784e-01
1.4500000000e+01,9.4632601628e-01,5.0610163823e-02,3.3845951731e-04,2.8758471753e-04,3.8991239930e-04,1.3361037037e-03,7.1175956065e-04,7.3210154716e-01
1.5000000000e+01,9.4182984009e-01,5.4800195101e-02,3.7771252350e-04,3.2025457688e-04,4.2858802593e-04,1.4754936360e-03,7.6791605065e-04,7.6552315222e-01
1.5500000000e+01,9.3863347305e-01,5.7768739954e-02,4.1484174462e-04,3.3922088280e-04,4.6380755120e-04,1.5556002551e-03,8.2431655866e-04,7.8932380226e-01
1.6000000000e+01,9.3391539647e-01,6.2327386691e-02,4.4038108056e-04,3.5142475705e-04,4.9979565662e-04,1.6224249865e-03,8.4319035279e-04,8.1562767227e-01
1.6500000000e+01,9.2947623641e-01,6.6512435508e-02,4.7757380306e-04,3.7721738911e-04,5.3814555384e-04,1.7247620466e-03,8.9362928820e-04,8.4386777124e-01
1.7000000000e+01,9.2608858516e-01,6.9682863382e-02,4.9853412640e-04,3.9926333666e-04,5.7169499818e-04,1.8179443954e-03,9.4111459842e-04,8.6553155682e-01
1.7500000000e+01,9.2170108337e-01,7.3815646109e-02,5.4432684449e-04,4.2216472345e-04,6.0458746643e-04,1.9294584895e-03,9.8273300032e-04,8.9195345908e-01
1.8000000000e+01,9.1589755086e-01,7.9374187889e-02,5.9137942255e-04,4.4455320559e-04,6.4823523696e-04,2.0282488161e-03,1.0158445647e-03,9.2246878239e-01
1.8500000000e+01,9.1172018982e-01,8.3196220785e-02,6.4260082245e-04,4.7550141985e-04,6.9807582201e-04,2.1866241349e-03,1.0807871917e-03,9.5018801840e-01
1.9000000000e+01,9.0800932731e-01,8.6596824260e-02,7.0425688423e-04,5.1874710838e-04,7.3518514232e-04,2.3194709732e-03,1.1161883232e-03,9.7449448255e-01
1.9500000000e+01,9.0295656498e-01,9.1433923512e-02,7.4611870816e-04,5.4987021173e-04,7.6940194997e-04,2.3790048289e-03,1.1651158087e-03,9.9948681395e-01
2.0000000000e+01,8.9894250682e-01,9.5279616305e-02,7.7071654540e-04,5.8470851159e-04,8.0536029935e-04,2.4152005800e-03,1.2018909430e-03,1.0190538283e+00
2.0500000000e+01,8.9206704811e-01,1.0181904549e-01,8.4267600449e-04,6.1956370041e-04,8.6331828837e-04,2.5233315671e-03,1.2650168428e-03,1.0525892460e+00
2.1000000000e+01,8.8990293575e-01,1.0380983823e-01,8.8025411559e-04,6.3791885877e-04,8.9667039078e-04,2.5633748164e-03,1.3090078398e-03,1.0656087799e+00
2.1500000000e+01,8.8719514185e-01,1.0637137914e-01,9.1963238840e-04,6.4589364281e-04,9.1066601460e-04,2.6218778321e-03,1.3354091249e-03,1.0785602214e+00
2.2000000000e+01,8.8055086594e-01,1.1272613379e-01,9.9671200580e-04,6.9195788143e-04,9.6578262806e-04,2.6734164052e-03,1.3951313483e-03,1.1086910510e+00
2.2500000000e+01,8.7702086905e-01,1.1610952813e-01,1.0363639214e-03,7.0851167192e-04,1.0075787063e-03,2.7247501447e-03,1.3923983814e-03,1.1237503065e+00
2.3000000000e+01,8.7280573464e-01,1.2020265907e-01,1.1002651709e-03,7.1674182563e-04,1.0310705452e-03,2.7605980722e-03,1.3829306699e-03,1.1395644670e+00
2.3500000000e+01,8.6845664885e-01,1.2435870781e-01,1.1603154785e-03,7.5417004565e-04,1.0534204509e-03,2.8164898385e-03,1.4002475306e-03,1.1580432891e+00
2.4000000000e+01,8.6397444889e-01,1.2858585917e-01,1.2246011389e-03,7.8537609980e-04,1.1194098304e-03,2.8939687098e-03,1.4163361619e-03,1.1785679458e+00
2.4500000000e+01,8.5776291086e-01,1.3453154031e-01,1.2852580723e-03,8.4216479915e-04,1.1678393906e-03,2.9706148446e-03,1.4396717226e-03,1.2035351309e+00
2.5000000000e+01,8.5092938305e-01,1.4119555875e-01,1.3519308487e-03,8.6682629465e-04,1.1738034445e-03,3.0114816042e-03,1.4710160113e-03,1.2258266211e+00
2.5500000000e+01,8.4453515658e-01,1.4716309821e-01,1.4405004165e-03,9.1111191061e-04,1.2564110894e-03,3.1191051080e-03,1.5746166882e-03,1.2551605591e+00
2.6000000000e+01,8.3983565963e-01,1.5157728309e-01,1.5204872280e-03,9.5379816984e-04,1.3000610733e-03,3.2094140051e-03,1.6032967994e-03,1.2752133621e+00
2.6500000000e+01,8.3624718148e-01,1.5492738315e-01,1.6154902157e-03,9.7886735094e-04,1.3372457803e-03,3.2447986011e-03,1.6490334193e-03,1.2912679845e+00
2.7000000000e+01,8.3225916114e-01,1.5848287561e-01,1.7513248834e-03,1.0227440356e-03,1.4102668080e-03,3.3770953180e-03,1.6965322017e-03,1.3136416359e+00
2.7500000000e+01,8.2626752956e-01,1.6423494101e-01,1.7882837254e-03,1.0588202685e-03,1.4664405411e-03,3.4450221656e-03,1.7389627288e-03,1.3340769917e+00
2.8000000000e+01,8.2290482517e-01,1.6733896693e-01,1.8581939662e-03,1.0939339945e-03,1.5265099073e-03,3.5296225423e-03,1.7479474815e-03,1.3491171377e+00
2.8500000000e+01,8.2155721076e-01,1.6842366251e-01,1.9315458503e-03,1.1590309014e-03,1.5715137998e-03,3.5927899952e-03,1.7642461810e-03,1.3604373591e+00
2.9000000000e+01,8.1500095344e-01,1.7463317027e-01,2.0037699330e-03,1.2236662631e-03,1.6438958506e-03,3.6717921940e-03,1.8227520411e-03,1.3846889175e+00
2.9500000000e+01,8.0436207049e-01,1.8483656011e-01,2.1316259080e-03,1.2689263251e-03,1.7218639561e-03,3.7811482286e-03,1.8978049765e-03,1.4184302328e+00
3.0000000000e+01,7.9444385501e-01,1.9423124763e-01,2.2344365265e-03,1.3415638979e-03,1.7939131559e-03,3.9951740000e-03,1.9598097791e-03,1.4516089959e+00
3.0500000000e+01,7.8847846234e-01,1.9964840943e-01,2.3960538802e-03,1.4205460622e-03,1.8764021605e-03,4.1315804510e-03,2.0485456756e-03,1.4783536046e+00
3.1000000000e+01,7.7961244537e-01,2.0815998269e-01,2.5148406299e-03,1.4740239000e-03,1.9632093006e-03,4.1982297331e-03,2.0772683719e-03,1.5040603654e+00
3.1500000000e+01,7.7103295278e-01,2.1625063748e-01,2.6437335282e-03,1.5335885013e-03,2.0534859900e-03,4.3388165877e-03,2.1467851403e-03,1.5319467422e+00
3.2000000000e+01,7.6390764075e-01,2.2302914650e-01,2.7310652183e-03,1.5691838352e-03,2.1646760519e-03,4.4123106473e-03,2.1859770031e-03,1.5531437215e+00
3.2500000000e+01,7.6041719378e-01,2.2614411636e-01,2.8652362019e-03,1.5951269665e-03,2.2879358665e-03,4.4577467551e-03,2.2326440727e-03,1.5692297258e+00
3.3000000000e+01,7.5234959214e-01,2.3372440316e-01,3.0224696566e-03,1.6044022256e-03,2.4124930753e-03,4.5906239934e-03,2.2960157567e-03,1.5941979941e+00
3.3500000000e+01,7.4699658835e-01,2.3883370650e-01,3.0944214763e-03,1.6370032029e-03,2.4443684925e-03,4.6591576172e-03,2.3347543681e-03,1.6085515424e+00
3.4000000000e+01,7.3900223293e-01,2.4645111398e-01,3.2985704706e-03,1.6865893998e-03,2.4996115645e-03,4.7068762941e-03,2.3550053559e-03,1.6299864636e+00
3.4500000000e+01,7.3699801546e-01,2.4819529230e-01,3.3822366925e-03,1.7713869599e-03,2.5675540807e-03,4.7012943866e-03,2.3842201218e-03,1.6405868370e+00
3.5000000000e+01,7.2989019893e-01,2.5476997711e-01,3.5549660319e-03,1.8245962938e-03,2.6510927768e-03,4.8640306337e-03,2.4451382148e-03,1.6637572300e+00
3.5500000000e+01,7.2823646636e-01,2.5617678293e-01,3.6816741324e-03,1.8518023595e-03,2.7453143872e-03,4.8127991591e-03,2.4951606687e-03,1.6730218080e+00
3.6000000000e+01,7.2408678003e-01,2.6016409503e-01,3.8519990848e-03,1.8659299297e-03,2.7898692163e-03,4.7672744506e-03,2.4740522587e-03,1.6825890458e+00
3.6500000000e+01,7.1817954129e-01,2.6591497884e-01,3.9319250016e-03,1.8934510726e-03,2.8816054245e-03,4.7331513681e-03,2.4653470046e-03,1.6944362598e+00
3.7000000000e+01,7.0766044282e-01,2.7591042854e-01,4.1793731702e-03,1.9632030123e-03,2.9707362791e-03,4.8420047827e-03,2.4738113988e-03,1.7201240100e+00
3.7500000000e+01,7.0374931744e-01,2.7950274015e-01,4.3044299957e-03,2.0219715095e-03,3.0641796821e-03,4.8673560064e-03,2.4900052084e-03,1.7329835583e+00
3.8000000000e+01,6.9732701116e-01,2.8549729249e-01,4.5124066115e-03,2.0682736607e-03,3.1855093453e-03,4.9229744307e-03,2.4865322998e-03,1.7506310197e+00
3.8500000000e+01,6.9118173716e-01,2.9137253661e-01,4.6488400258e-03,2.0810242859e-03,3.2973988566e-03,4.9175036245e-03,2.5009594398e-03,1.7639756977e+00
3.9000000000e+01,6.8539896374e-01,2.9691885269e-01,4.7836740836e-03,2.1034522443e-03,3.3521031351e-03,4.9495545513e-03,2.4933995591e-03,1.7755651796e+00
3.9500000000e+01,6.7712507606e-01,3.0479894118e-01,4.9577252396e-03,2.1848267812e-03,3.4272510545e-03,5.0129832388e-03,2.4931964508e-03,1.7935525813e+00
4.0000000000e+01,6.7147811223e-01,3.1023017456e-01,5.1353758850e-03,2.2018167973e-03,3.4775563424e-03,4.9972649916e-03,2.4796991945e-03,1.8038315709e+00
4.0500000000e+01,6.6750197688e-01,3.1382032334e-01,5.2842436498e-03,2.2812065352e-03,3.5927186163e-03,5.0128567204e-03,2.5066742581e-03,1.8172512196e+00
4.1000000000e+01,6.6123869708e-01,3.1957802084e-01,5.5900499894e-03,2.3465623613e-03,3.6466888239e-03,5.0408244580e-03,2.5591564475e-03,1.8347137757e+00
4.1500000000e+01,6.5403304103e-01,3.2657068829e-01,5.6229484637e-03,2.3739821569e-03,3.7114938101e-03,5.1173272255e-03,2.5705190199e-03,1.8461525231e+00
4.2000000000e+01,6.5073766567e-01,3.2946113824e-01,5.8619610033e-03,2.3855289923e-03,3.8112592363e-03,5.1575172744e-03,2.5849295807e-03,1.8576852985e+00
4.2500000000e+01,6.4548588183e-01,3.3402434320e-01,6.1771372436e-03,2.5007122559e-03,3.9522919744e-03,5.2338015240e-03,2.6258319770e-03,1.8778638406e+00
4.3000000000e+01,6.4241976554e-01,3.3715651801e-01,6.0953539419e-03,2.5297185625e-03,4.0149624973e-03,5.1482902642e-03,2.6353911854e-03,1.8797518679e+00
4.3500000000e+01,6.3715598783e-01,3.4200862991e-01,6.2577215131e-03,2.6104156603e-03,4.0876701302e-03,5.2397869468e-03,2.6397880028e-03,1.8931753519e+00
4.4000000000e+01,6.3503280115e-01,3.4341727971e-01,6.5901168360e-03,2.6930703029e-03,4.1679368956e-03,5.3519378603e-03,2.7468572485e-03,1.9108076284e+00
4.4500000000e+01,6.3187132868e-01,3.4598109488e-01,6.8620438636e-03,2.7062595877e-03,4.2765328632e-03,5.5300049679e-03,2.7727351506e-03,1.9254000000e+00
4.5000000000e+01,6.2550856296e-01,3.5195303250e-01,7.0362036000e-03,2.7534700854e-03,4.3583314020e-03,5.5985383324e-03,2.7918611199e-03,1.9384199089e+00
4.5500000000e+01,6.2012556957e-01,3.5673555630e-01,7.3887278948e-03,2.8709820668e-03,4.3622062306e-03,5.6982957267e-03,2.8186622130e-03,1.9546802687e+00
4.6000000000e+01,6.0571447385e-01,3.7057483443e-01,7.7051701512e-03,2.9427987864e-03,4.4137107402e-03,5.8002454651e-03,2.8487665750e-03,1.9756967541e+00
4.6500000000e+01,5.9460314493e-01,3.8110793298e-01,7.9893391928e-03,3.0555926355e-03,4.5047082125e-03,5.8460565645e-03,2.8932254865e-03,1.9945278274e+00
4.7000000000e+01,5.9085468608e-01,3.8425181354e-01,8.3958607876e-03,3.1246829606e-03,4.5537115306e-03,5.8498465028e-03,2.9693985951e-03,2.0086174771e+00
4.7500000000e+01,5.8883698071e-01,3.8628232163e-01,8.5094716599e-03,3.1735301853e-03,4.5302116970e-03,5.7261091446e-03,2.9413749695e-03,2.0090679715e+00
4.8000000000e+01,5.7912807141e-01,3.9592848827e-01,8.6187798936e-03,3.2615227874e-03,4.4810480114e-03,5.6974147859e-03,2.8846748367e-03,2.0147768648e+00
4.8500000000e+01,5.7412987996e-01,4.0087204191e-01,8.6304427366e-03,3.3408249718e-03,4.5038625172e-03,5.6314685506e-03,2.8914793557e-03,2.0188527741e+00
4.9000000000e+01,5.6388254824e-01,4.1035355176e-01,8.9997517793e-03,3.3981263310e-03,4.7657955047e-03,5.6952784276e-03,2.9049479591e-03,2.0382910225e+00
4.9500000000e+01,5.6253543126e-01,4.1098525847e-01,9.3610249792e-03,3.4694301721e-03,4.9019256442e-03,5.8088078484e-03,2.9381216282e-03,2.0526831375e+00
5.0000000000e+01,5.6145892764e-01,4.1179468379e-01,9.5738316862e-03,3.5530598526e-03,4.9930402583e-03,5.7163077809e-03,2.9101489948e-03,2.0578990793e+00
5.0500000000e+01,5.5052789636e-01,4.2256731106e-01,9.5877996643e-03,3.6087936828e-03,5.1428386998e-03,5.6812019718e-03,2.8841585610e-03,2.0653345781e+00
5.1000000000e+01,5.5010587192e-01,4.2261039530e-01,9.7585324682e-03,3.6522383492e-03,5.2848457346e-03,5.6914113308e-03,2.8967048975e-03,2.0728498545e+00
5.1500000000e+01,5.4927170924e-01,4.2311513977e-01,9.9853203396e-03,3.6750067770e-03,5.3415152803e-03,5.7398969738e-03,2.8714116246e-03,2.0785630009e+00
5.2000000000e+01,5.4063483239e-01,4.3122722194e-01,1.0139480045e-02,3.8185372278e-03,5.5076521056e-03,5.8263754611e-03,2.8459008374e-03,2.0917532895e+00
5.2500000000e+01,5.3658542138e-01,4.3460912849e-01,1.0454715045e-02,3.8702407406e-03,5.7363127746e-03,5.8452631999e-03,2.8989183705e-03,2.1055700334e+00
5.3000000000e+01,5.2832619539e-01,4.4253958565e-01,1.0860089006e-02,3.9067957940e-03,5.7730723983e-03,5.7046163716e-03,2.8896453930e-03,2.1119718304e+00
5.3500000000e+01,5.2767332596e-01,4.4330568460e-01,1.0754350731e-02,3.8868966331e-03,5.9265343735e-03,5.5552258762e-03,2.8979818274e-03,2.1103617214e+00
5.4000000000e+01,5.2555536012e-01,4.4512003099e-01,1.0960461313e-02,3.9036207307e-03,6.0220588270e-03,5.6256585220e-03,2.8128094938e-03,2.1150081244e+00
5.4500000000e+01,5.2850758394e-01,4.4155792737e-01,1.1312168837e-02,4.0352744821e-03,6.0440208418e-03,5.6990600895e-03,2.8439644349e-03,2.1255774290e+00
5.5000000000e+01,5.2962715593e-01,4.3945430395e-01,1.1839374317e-02,4.1885760556e-03,6.2667945681e-03,5.7704861722e-03,2.8533090144e-03,2.1426058560e+00
5.5500000000e+01,5.1991985362e-01,4.4915735360e-01,1.1844777953e-02,4.2663369814e-03,6.3062926461e-03,5.6757764166e-03,2.8296087854e-03,2.1447404805e+00
5.6000000000e+01,5.1386828959e-01,4.5422327587e-01,1.2499839046e-02,4.3420134595e-03,6.4946672097e-03,5.7501911739e-03,2.8217236534e-03,2.1614369250e+00
5.6500000000e+01,5.0532881842e-01,4.6240545006e-01,1.2758569668e-02,4.4341904490e-03,6.5588394541e-03,5.6634815651e-03,2.8506503906e-03,2.1685660860e+00
5.7000000000e+01,5.0448606563e-01,4.6260719905e-01,1.2960403582e-02,4.5500078919e-03,6.7031912741e-03,5.8157070171e-03,2.8774255529e-03,2.1808619672e+00
5.7500000000e+01,5.0163335893e-01,4.6444663600e-01,1.3582170632e-02,4.7372809344e-03,6.9049549836e-03,5.8544801864e-03,2.8411183357e-03,2.1971130412e+00
5.8000000000e+01,4.9554034804e-01,4.6955169391e-01,1.4179627750e-02,4.8913525830e-03,7.1024409039e-03,5.8823469669e-03,2.8521898487e-03,2.2133411718e+00
5.8500000000e+01,4.8757053787e-01,4.7703476383e-01,1.4390046214e-02,5.0113220156e-03,7.2992897503e-03,5.8151740709e-03,2.8788662501e-03,2.2221578089e+00
5.9000000000e+01,4.8247277046e-01,4.8154758096e-01,1.4805576309e-02,4.9855093050e-03,7.5137879001e-03,5.8171213674e-03,2.8576536947e-03,2.2300514526e+00
5.9500000000e+01,4.7646091058e-01,4.8715901991e-01,1.4841669219e-02,5.0457831079e-03,7.8020193635e-03,5.8445291854e-03,2.8460686271e-03,2.2371798075e+00
6.0000000000e+01,4.6717333108e-01,4.9586355806e-01,1.5324629382e-02,5.1452559076e-03,7.9469964987e-03,5.7617138161e-03,2.7845152524e-03,2.2436734215e+00
6.0500000000e+01,4.6770804060e-01,4.9486480648e-01,1.5514541561e-02,5.2135887934e-03,8.1407818921e-03,5.7660769444e-03,2.7921637216e-03,2.2512510395e+00
6.1000000000e+01,4.6051810613e-01,5.0165616694e-01,1.5683448884e-02,5.2059482996e-03,8.4481488091e-03,5.7164914988e-03,2.7716894389e-03,2.2560243224e+00
6.1500000000e+01,4.4501367442e-01,5.1760731128e-01,1.5638796213e-02,5.1976026206e-03,8.3855402399e-03,5.4629112995e-03,2.6941639271e-03,2.2438955736e+00
6.2000000000e+01,4.3747347954e-01,5.2463013137e-01,1.6046140358e-02,5.2537767344e-03,8.6039193143e-03,5.3249667893e-03,2.6675858923e-03,2.2481627425e+00
6.2500000000e+01,4.2961403307e-01,5.3149242700e-01,1.6513417375e-02,5.3840505584e-03,9.0959361451e-03,5.2471040593e-03,2.6530317982e-03,2.2604892800e+00
6.3000000000e+01,4.2047801231e-01,5.4039284295e-01,1.6640942886e-02,5.4855605361e-03,9.3273814848e-03,5.0925338265e-03,2.5827260127e-03,2.2594047680e+00
6.3500000000e+01,4.1462814086e-01,5.4561351536e-01,1.6933763085e-02,5.6231333624e-03,9.5675420214e-03,5.0161744941e-03,2.6177308125e-03,2.2670298479e+00
6.4000000000e+01,4.0333042099e-01,5.5709778558e-01,1.7009127157e-02,5.5780932762e-03,9.4500239918e-03,5.0010366786e-03,2.5335123325e-03,2.2574538008e+00
6.4500000000e+01,3.9437140947e-01,5.6533414995e-01,1.7498637944e-02,5.7296923459e-03,9.5808275092e-03,4.9368820049e-03,2.5484007722e-03,2.2633718753e+00
6.5000000000e+01,3.8939264141e-01,5.6957985368e-01,1.8047506636e-02,5.7351010606e-03,9.8508585515e-03,4.8839848868e-03,2.5100537821e-03,2.2689629986e+00
6.5500000000e+01,3.8257599821e-01,5.7582146201e-01,1.8506375474e-02,5.7691961141e-03,1.0008354558e-02,4.8732987432e-03,2.4453148948e-03,2.2712168430e+00
6.6000000000e+01,3.8002973469e-01,5.7796465940e-01,1.8612859031e-02,5.8965307407e-03,1.0296736782e-02,4.7567843033e-03,2.4426950549e-03,2.2753366657e+00
6.6500000000e+01,3.7590429122e-01,5.8176764116e-01,1.9055676094e-02,5.9135429523e-03,1.0269540557e-02,4.6380322264e-03,2.4512757957e-03,2.2751637436e+00
6.7000000000e+01,3.6754078521e-01,5.8990361223e-01,1.9353445558e-02,5.9974400453e-03,1.0349410949e-02,4.4324618846e-03,2.4228441189e-03,2.2702897211e+00
6.7500000000e+01,3.5910663285e-01,5.9743427017e-01,1.9565953230e-02,6.1740635764e-03,1.0937557464e-02,4.3612753261e-03,2.4202473802e-03,2.2777874628e+00
6.8000000000e+01,3.5381541442e-01,6.0300594513e-01,1.9410077747e-02,6.1261468652e-03,1.1074224369e-02,4.2012024289e-03,2.3669890353e-03,2.2676011343e+00
6.8500000000e+01,3.5446995651e-01,6.0268862001e-01,1.9133267715e-02,6.0204142180e-03,1.1228595246e-02,4.1434896693e-03,2.3156566263e-03,2.2619057700e+00
6.9000000000e+01,3.5568929637e-01,6.0098320156e-01,1.9473633454e-02,5.9595870512e-03,1.1469812343e-02,4.2020579227e-03,2.2224112983e-03,2.2668294642e+00
6.9500000000e+01,3.5564063385e-01,6.0071037752e-01,1.9694030881e-02,5.9765367462e-03,1.1673079962e-02,4.1160479706e-03,2.1892930776e-03,2.2690196400e+00
7.0000000000e+01,3.4932753612e-01,6.0767513319e-01,1.9320404970e-02,5.9933537291e-03,1.1717868844e-02,3.8484257288e-03,2.1172774160e-03,2.2518470889e+00
7.0500000000e+01,3.4214071563e-01,6.1485414435e-01,1.9365986334e-02,5.9755637324e-03,1.1877720641e-02,3.6855514603e-03,2.1003178507e-03,2.2437477349e+00
7.1000000000e+01,3.3151870380e-01,6.2521162733e-01,1.9755069066e-02,5.9806139721e-03,1.1862511738e-02,3.6425365959e-03,2.0289375015e-03,2.2352473400e+00
7.1500000000e+01,3.2877543398e-01,6.2755514805e-01,2.0011637208e-02,6.0040279148e-03,1.2000809270e-02,3.6353967733e-03,2.0175468042e-03,2.2374118802e+00
7.2000000000e+01,3.2316133188e-01,6.3235597810e-01,2.0553755627e-02,6.1488400855e-03,1.2239384003e-02,3.5823335328e-03,1.9583767743e-03,2.2407171278e+00
7.2500000000e+01,3.1995960148e-01,6.3517776466e-01,2.1099906161e-02,6.0368862480e-03,1.2373949950e-02,3.4280809928e-03,1.9238105044e-03,2.2372463257e+00
7.3000000000e+01,3.1979244242e-01,6.3485004292e-01,2.1618833525e-02,6.0600351842e-03,1.2466061844e-02,3.3216428747e-03,1.8909412399e-03,2.2397356029e+00
7.3500000000e+01,3.1967519285e-01,6.3482389358e-01,2.1486617266e-02,6.1477712697e-03,1.2783823158e-02,3.2458080591e-03,1.8368938211e-03,2.2401586001e+00
7.4000000000e+01,3.1911231053e-01,6.3521098258e-01,2.1981812804e-02,6.1302631048e-03,1.2677645116e-02,3.0924225359e-03,1.7945633301e-03,2.2364983080e+00
7.4500000000e+01,3.1280776952e-01,6.4200896092e-01,2.1902714710e-02,6.1029462768e-03,1.2465106884e-02,2.9893992666e-03,1.7231024283e-03,2.2202185706e+00
7.5000000000e+01,3.0825899014e-01,6.4695398903e-01,2.2111147165e-02,5.9769801687e-03,1.2126547951e-02,2.8554900357e-03,1.7168555145e-03,2.2060575426e+00
7.5500000000e+01,3.0894696057e-01,6.4565069017e-01,2.2669120008e-02,6.1988809360e-03,1.2147445153e-02,2.7205188065e-03,1.6663843586e-03,2.2107083533e+00
7.6000000000e+01,3.0157206278e-01,6.5271073403e-01,2.2983035373e-02,6.1580389851e-03,1.2340791688e-02,2.6386555332e-03,1.5966816101e-03,2.2024932319e+00
7.6500000000e+01,3.0146840452e-01,6.5223830978e-01,2.3378416367e-02,6.2144541276e-03,1.2552252099e-02,2.5717211978e-03,1.5764419074e-03,2.2071771887e+00
7.7000000000e+01,2.9596740813e-01,6.5771042120e-01,2.3605378972e-02,6.2360129504e-03,1.2487804720e-02,2.4450486845e-03,1.5479253455e-03,2.1975560924e+00
7.7500000000e+01,2.9035452238e-01,6.6408902271e-01,2.3312046166e-02,6.0863938487e-03,1.2272117528e-02,2.3520601684e-03,1.5338371926e-03,2.1787401076e+00
7.8000000000e+01,2.8727064395e-01,6.6709523788e-01,2.3179677038e-02,6.1419640004e-03,1.2494487835e-02,2.2984420722e-03,1.5195472161e-03,2.1757269121e+00
7.8500000000e+01,2.9360613593e-01,6.5974438661e-01,2.3848174736e-02,6.2119800930e-03,1.2866845761e-02,2.2333889778e-03,1.4890878864e-03,2.1920291756e+00
7.9000000000e+01,2.9327043346e-01,6.5957853419e-01,2.4268899131e-02,6.3272441352e-03,1.2902712376e-02,2.1388396767e-03,1.5133370283e-03,2.1960750376e+00
7.9500000000e+01,2.8667412179e-01,6.6611027464e-01,2.4283216217e-02,6.3237357912e-03,1.3048490404e-02,2.0843127185e-03,1.4758484386e-03,2.1870427662e+00
8.0000000000e+01,2.9206838770e-01,6.6056189305e-01,2.4209096515e-02,6.4646106176e-03,1.3261216301e-02,1.9918282888e-03,1.4429675248e-03,2.1931985425e+00
8.0500000000e+01,2.8700729384e-01,6.6551041453e-01,2.4448935500e-02,6.4695024209e-03,1.3274391888e-02,1.8856512185e-03,1.4038105973e-03,2.1841536583e+00
8.1000000000e+01,2.9338658700e-01,6.5948176046e-01,2.4554839423e-02,6.3430150548e-03,1.3088818821e-02,1.8013338377e-03,1.3436454010e-03,2.1811708117e+00
8.1500000000e+01,2.9982196305e-01,6.5258858959e-01,2.5082823860e-02,6.3560945599e-03,1.3079702220e-02,1.7524312470e-03,1.3183954691e-03,2.1898979905e+00
8.2000000000e+01,2.9385894242e-01,6.5892985810e-01,2.4965451058e-02,6.2522989576e-03,1.3054649013e-02,1.6524291705e-03,1.2863712857e-03,2.1743894667e+00
8.2500000000e+01,2.9571218164e-01,6.5610313034e-01,2.5860710312e-02,6.2506233281e-03,1.3202094892e-02,1.5811984220e-03,1.2900610662e-03,2.1835544604e+00
8.3000000000e+01,2.9853978937e-01,6.5391911576e-01,2.5693674933e-02,6.1754022653e-03,1.2951642785e-02,1.4782084571e-03,1.2421664271e-03,2.1734356238e+00
8.3500000000e+01,3.0046658879e-01,6.5255795029e-01,2.5486037503e-02,6.1502488705e-03,1.2712988879e-02,1.3902104390e-03,1.2359752354e-03,2.1656229774e+00
8.4000000000e+01,3.0555987514e-01,6.4802511388e-01,2.5247081043e-02,6.0848043941e-03,1.2587963235e-02,1.2866405859e-03,1.2085217226e-03,2.1595165514e+00
8.4500000000e+01,3.0104703320e-01,6.5195914010e-01,2.5930796594e-02,6.1306338779e-03,1.2495851010e-02,1.2319166941e-03,1.2046285295e-03,2.1578621235e+00
8.5000000000e+01,2.9393196585e-01,6.5872355716e-01,2.6225380544e-02,6.1666868957e-03,1.2574111944e-02,1.1792179269e-03,1.1990796797e-03,2.1518512538e+00
8.5500000000e+01,2.9547273765e-01,6.5683555292e-01,2.6584642106e-02,6.1051550916e-03,1.2712658233e-02,1.1171950347e-03,1.1720589642e-03,2.1528322938e+00
8.6000000000e+01,2.9677065826e-01,6.5526996976e-01,2.7016827805e-02,5.9840991170e-03,1.2764206067e-02,1.0424278144e-03,1.1518111799e-03,2.1512739260e+00
8.6500000000e+01,3.0023332520e-01,6.5149060603e-01,2.7262609227e-02,6.0613929359e-03,1.2809347725e-02,9.7738232099e-04,1.1653365617e-03,2.1564233870e+00
8.7000000000e+01,2.9830375961e-01,6.5430954840e-01,2.6737119172e-02,5.8927940992e-03,1.2705037066e-02,9.0377636520e-04,1.1479652863e-03,2.1400070402e+00
8.7500000000e+01,2.9451794245e-01,6.5818372540e-01,2.6795869928e-02,5.7562447212e-03,1.2786658785e-02,8.4226675398e-04,1.1172919537e-03,2.1296105162e+00
8.8000000000e+01,3.0131310845e-01,6.5094876565e-01,2.7130396707e-02,5.7104602026e-03,1.3021367842e-02,7.8130352764e-04,1.0945976174e-03,2.1370158468e+00
8.8500000000e+01,3.0107578272e-01,6.5141928884e-01,2.7353495350e-02,5.6425685506e-03,1.2727774076e-02,7.1068324312e-04,1.0704072250e-03,2.1276217561e+00
8.9000000000e+01,3.0274254884e-01,6.4949074946e-01,2.7658103119e-02,5.6352174978e-03,1.2756701130e-02,6.5843290334e-04,1.0582470467e-03,2.1280942012e+00
8.9500000000e+01,3.0709189097e-01,6.4524663881e-01,2.7640776067e-02,5.4405801601e-03,1.2942330201e-02,6.0739096795e-04,1.0303928290e-03,2.1256684890e+00
9.0000000000e+01,3.1750869166e-01,6.3456720593e-01,2.7916490641e-02,5.3675689802e-03,1.3021187616e-02,5.6868701299e-04,1.0501681666e-03,2.1356838411e+00
9.0500000000e+01,3.1726159638e-01,6.3454189010e-01,2.8483599241e-02,5.3455097224e-03,1.2784491433e-02,5.2040531201e-04,1.0625078122e-03,2.1336153471e+00
9.1000000000e+01,3.2673793866e-01,6.2464247721e-01,2.8886184204e-02,5.3372988406e-03,1.2861742168e-02,4.7980432876e-04,1.0545545879e-03,2.1426686648e+00
9.1500000000e+01,3.3016387768e-01,6.2134556258e-01,2.8919403668e-02,5.2920868519e-03,1.2810629748e-02,4.2419928105e-04,1.0442401940e-03,2.1391061744e+00
9.2000000000e+01,3.2527903567e-01,6.2609107310e-01,2.8932676440e-02,5.3065229449e-03,1.2979047871e-02,3.7828091777e-04,1.0333630576e-03,2.1330931423e+00
9.2500000000e+01,3.2176076952e-01,6.2972047160e-01,2.9133072105e-02,5.2169006684e-03,1.2821790730e-02,3.3102445001e-04,1.0159709231e-03,2.1222991076e+00
9.3000000000e+01,3.2372374023e-01,6.2806601228e-01,2.9199178661e-02,5.1239772170e-03,1.2570014376e-02,2.9007786800e-04,1.0269993721e-03,2.1156755459e+00
9.3500000000e+01,3.3103739395e-01,6.2106660731e-01,2.9244517811e-02,5.0394385109e-03,1.2318334676e-02,2.5842549104e-04,1.0352822538e-03,2.1140778076e+00
9.4000000000e+01,3.3034765012e-01,6.2183301077e-01,2.9357639142e-02,4.9642769505e-03,1.2225708795e-02,2.2516451796e-04,1.0465497048e-03,2.1083341369e+00
9.4500000000e+01,3.3200706293e-01,6.2099394310e-01,2.8815927578e-02,4.8026233966e-03,1.2144730541e-02,1.9064254047e-04,1.0450699109e-03,2.0962757445e+00
9.5000000000e+01,3.3786550364e-01,6.1422340829e-01,2.9687107257e-02,4.8076626168e-03,1.2168122894e-02,1.6540162183e-04,1.0827936781e-03,2.1071068402e+00
9.5500000000e+01,3.4381322881e-01,6.0748454561e-01,3.0692120979e-02,4.7214827871e-03,1.2046903966e-02,1.4499716448e-04,1.0967206858e-03,2.1137785524e+00
9.6000000000e+01,3.5410277263e-01,5.9711965040e-01,3.1017122202e-02,4.6562539563e-03,1.1888347622e-02,1.2409676864e-04,1.0917564258e-03,2.1165290175e+00
9.6500000000e+01,3.5827892016e-01,5.9312460199e-01,3.0821066016e-02,4.6478539583e-03,1.1926125006e-02,1.0587773834e-04,1.0955551327e-03,2.1153662279e+00
9.7000000000e+01,3.5707292823e-01,5.9503066438e-01,3.0625265912e-02,4.5396233093e-03,1.1543528457e-02,9.2669580975e-05,1.0953201358e-03,2.1028066048e+00
9.7500000000e+01,3.5177885213e-01,6.0070189663e-01,3.0792060865e-02,4.3536496383e-03,1.1205539436e-02,8.1515579431e-05,1.0864857240e-03,2.0886819863e+00
9.8000000000e+01,3.5426840277e-01,5.9875859812e-01,3.0483952862e-02,4.3481410459e-03,1.0978453389e-02,7.3218923770e-05,1.0892328914e-03,2.0830965441e+00
9.8500000000e+01,3.6314922351e-01,5.9005837237e-01,3.0692131606e-02,4.2925113194e-03,1.0645490770e-02,6.7291377325e-05,1.0949790401e-03,2.0833630580e+00
9.9000000000e+01,3.6362690174e-01,5.9119249989e-01,2.9695945027e-02,4.0540192910e-03,1.0325585373e-02,6.1453554914e-05,1.0435951249e-03,2.0613115699e+00
9.9500000000e+01,3.6551985271e-01,5.8943102894e-01,2.9752674765e-02,3.8897703103e-03,1.0298813726e-02,5.9998507677e-05,1.0478610345e-03,2.0582447044e+00
1.0000000000e+02,3.6755723226e-01,5.8694758082e-01,3.0115547758e-02,3.7930326113e-03,1.0466429688e-02,6.1991942169e-05,1.0581849158e-03,2.0632867363e+00

# METADATA: {"config_sha256": "ea06182f60f4", "provenance": "Hardened_JPCL_Resubmission_v1.3"}
