time_fs,population_site_1,population_site_2,population_site_3,population_site_4,population_site_5,population_site_6,population_site_7,coherences
0.0000000000e+00,1.0000000000e+00,0.0000000000e+00,0.0000000000e+00,0.0000000000e+00,0.0000000000e+00,0.0000000000e+00,0.0000000000e+00,0.0000000000e+00
5.0000000000e-01,9.9993038530e-01,6.6667078846e-05,2.2035424263e-07,2.1975998718e-07,3.1543104718e-07,1.4801016959e-06,7.1197653480e-07,2.3517468687e-02
1.0000000000e+00,9.9971662460e-01,2.7135933610e-04,8.8734331193e-07,8.9570293557e-07,1.2856420945e-06,6.0743213204e-06,2.8730494500e-06,4.7579225168e-02
1.5000000000e+00,9.9935437203e-01,6.1858531077e-04,1.9902839154e-06,2.0018550358e-06,2.8456687171e-06,1.3760690268e-05,6.4441577349e-06,7.1865012710e-02
2.0000000000e+00,9.9881931295e-01,1.1324560621e-03,3.6469396827e-06,3.5665982537e-06,5.1647171222e-06,2.4491369798e-05,1.1361365785e-05,9.7155370400e-02
2.5000000000e+00,9.9817024475e-01,1.7541289413e-03,5.6804333680e-06,5.5242444589e-06,8.0853974063e-06,3.8653115726e-05,1.7683116428e-05,1.2141013121e-01
3.0000000000e+00,9.9750494570e-01,2.3879540070e-03,8.1084730552e-06,7.7718946829e-06,1.1562239951e-05,5.3995077851e-05,2.5662604293e-05,1.4290645427e-01
3.5000000000e+00,9.9659607921e-01,3.2575869076e-03,1.1155535021e-05,1.0599613110e-05,1.6017464881e-05,7.3254697786e-05,3.5306569495e-05,1.6741665115e-01
4.0000000000e+00,9.9552545033e-01,4.2802278452e-03,1.5139279143e-05,1.3926092765e-05,2.1312967915e-05,9.7492651374e-05,4.6450837939e-05,1.9270922492e-01
4.5000000000e+00,9.9442753919e-01,5.3311003892e-03,1.8891472181e-05,1.7422811556e-05,2.6152335674e-05,1.2061742573e-04,5.8276372058e-05,2.1545153680e-01
5.0000000000e+00,9.9332240558e-01,6.3841591593e-03,2.3075803332e-05,2.1115444507e-05,3.1523667501e-05,1.4610467961e-04,7.1615662738e-05,2.3681089675e-01
5.5000000000e+00,9.9182128962e-01,7.8239111521e-03,2.8019626586e-05,2.5664809802e-05,3.7632666945e-05,1.7688989512e-04,8.6592228299e-05,2.6215015637e-01
6.0000000000e+00,9.9025706128e-01,9.3200055406e-03,3.3392767048e-05,3.0534797009e-05,4.4707994985e-05,2.1215858416e-04,1.0213903925e-04,2.8668121475e-01
6.5000000000e+00,9.8865080323e-01,1.0845366803e-02,4.1014731282e-05,3.6777797462e-05,5.3542454869e-05,2.5052936327e-04,1.2196561779e-04,3.1127287980e-01
7.0000000000e+00,9.8687965292e-01,1.2532473923e-02,4.8723666248e-05,4.3242077067e-05,6.3300649474e-05,2.9167140839e-04,1.4093535128e-04,3.3594063946e-01
7.5000000000e+00,9.8530042687e-01,1.4036919831e-02,5.5889947450e-05,4.8952267350e-05,7.3008337886e-05,3.2701968754e-04,1.5778305678e-04,3.5667146869e-01
8.0000000000e+00,9.8315742030e-01,1.6089211371e-02,6.5415041038e-05,5.5717683030e-05,8.3121933353e-05,3.7090998198e-04,1.7820368579e-04,3.8218591289e-01
8.5000000000e+00,9.8066835267e-01,1.8467676756e-02,7.6713750833e-05,6.4554394737e-05,9.5270898571e-05,4.2551078353e-04,2.0192074319e-04,4.1033325291e-01
9.0000000000e+00,9.7807996373e-01,2.0931952905e-02,8.8981343861e-05,7.5410968016e-05,1.0928265393e-04,4.8478122149e-04,2.2962718174e-04,4.3856041643e-01
9.5000000000e+00,9.7543452465e-01,2.3437124778e-02,1.0376326231e-04,8.6666123298e-05,1.2656904037e-04,5.5259189826e-04,2.5876025171e-04,4.6669599983e-01
1.0000000000e+01,9.7267215228e-01,2.6091715622e-02,1.1886463894e-04,9.6086486348e-05,1.3841948840e-04,6.0247522706e-04,2.8028625410e-04,4.9213043734e-01
1.0500000000e+01,9.6998275998e-01,2.8651824490e-02,1.3466803711e-04,1.0517416778e-04,1.5400859004e-04,6.6039762435e-04,3.1116711068e-04,5.1721737356e-01
1.1000000000e+01,9.6789798596e-01,3.0610894151e-02,1.4679300370e-04,1.1489633949e-04,1.6736154916e-04,7.2306482434e-04,3.3900416952e-04,5.3723125960e-01
1.1500000000e+01,9.6465408061e-01,3.3682814063e-02,1.6372942178e-04,1.2887810228e-04,1.8587915380e-04,7.9772264471e-04,3.8689600390e-04,5.6598286292e-01
1.2000000000e+01,9.6196192341e-01,3.6233563854e-02,1.7961263183e-04,1.4083363877e-04,2.0470049710e-04,8.6060467287e-04,4.1876129363e-04,5.8892104285e-01
1.2500000000e+01,9.5899598744e-01,3.9048663530e-02,2.0287984229e-04,1.5171142816e-04,2.2037276441e-04,9.2606719998e-04,4.5431779497e-04,6.1300795795e-01
1.3000000000e+01,9.5529152677e-01,4.2561117634e-02,2.3049278912e-04,1.6586658239e-04,2.4719468666e-04,1.0085933343e-03,4.9520820195e-04,6.4221300317e-01
1.3500000000e+01,9.5298002324e-01,4.4744386233e-02,2.4971799309e-04,1.7736262295e-04,2.6883629998e-04,1.0458137148e-03,5.3385989360e-04,6.6073879721e-01
1.4000000000e+01,9.5001062332e-01,4.7541985734e-02,2.7546186332e-04,1.9187013656e-04,2.9150979772e-04,1.1271638817e-03,5.6138526726e-04,6.8354617409e-01
1.4500000000e+01,9.4755461484e-01,4.9836834396e-02,2.9278257849e-04,2.0956329129e-04,3.1376284622e-04,1.2035156610e-03,5.8892638804e-04,7.0283158613e-01
1.5000000000e+01,9.4316305961e-01,5.3966422276e-02,3.2735557961e-04,2.3360247367e-04,3.4496381336e-04,1.3291305770e-03,6.3546567498e-04,7.3472207944e-01
1.5500000000e+01,9.4004359116e-01,5.6891642408e-02,3.6018920234e-04,2.4768508159e-04,3.7339094852e-04,1.4013035564e-03,6.8219764387e-04,7.5740369550e-01
1.6000000000e+01,9.3541433737e-01,6.1383865308e-02,3.8306232015e-04,2.5687067414e-04,4.0245838668e-04,1.4615197959e-03,6.9788614868e-04,7.8284922667e-01
1.6500000000e+01,9.3107194172e-01,6.5508969254e-02,4.1617212711e-04,2.7602608457e-04,4.3344435850e-04,1.5537377292e-03,7.3970872627e-04,8.0987679563e-01
1.7000000000e+01,9.2776158968e-01,6.8633412981e-02,4.3521394764e-04,2.9247018571e-04,4.6056390134e-04,1.6376753552e-03,7.7907395028e-04,8.3057653492e-01
1.7500000000e+01,9.2346817999e-01,7.2707270225e-02,4.7603354549e-04,3.0958114472e-04,4.8717411088e-04,1.7381585416e-03,8.1360243874e-04,8.5590339206e-01
1.8000000000e+01,9.1777718221e-01,7.8187552920e-02,5.1809187198e-04,3.2636436632e-04,5.2247519195e-04,1.8272247845e-03,8.4110865397e-04,8.8529398713e-01
1.8500000000e+01,9.1370235729e-01,8.1956540680e-02,5.6392496972e-04,3.4947308162e-04,5.6277412997e-04,1.9699619293e-03,8.9496791747e-04,9.1164568026e-01
1.9000000000e+01,9.1008292655e-01,8.5309498250e-02,6.1902996073e-04,3.8167807680e-04,5.9281295867e-04,2.0896916419e-03,9.2436256649e-04,9.3471877479e-01
1.9500000000e+01,9.0513024255e-01,9.0078942721e-02,6.5686411929e-04,4.0503021750e-04,6.2054365117e-04,2.1433992996e-03,9.6497743877e-04,9.5871572888e-01
2.0000000000e+01,9.0119830035e-01,9.3869772744e-02,6.7955658715e-04,4.3115457526e-04,6.4966234232e-04,2.1760425234e-03,9.9551088105e-04,9.7744687701e-01
2.0500000000e+01,8.9445904829e-01,1.0032122995e-01,7.4416929635e-04,4.5737472282e-04,6.9657467553e-04,2.2736523306e-03,1.0479507334e-03,1.0096099061e+00
2.1000000000e+01,8.9235141239e-01,1.0228101880e-01,7.7845423843e-04,4.7141979614e-04,7.2358058849e-04,2.3096791196e-03,1.0844350657e-03,1.0219699794e+00
2.1500000000e+01,8.8970081310e-01,1.0480332036e-01,8.1438109539e-04,4.7782039087e-04,7.3497955225e-04,2.3623401915e-03,1.1063453190e-03,1.0344617537e+00
2.2000000000e+01,8.8318595276e-01,1.1107311169e-01,8.8387781490e-04,5.1249581703e-04,7.7964448953e-04,2.4089478538e-03,1.1559695779e-03,1.0633231572e+00
2.2500000000e+01,8.7972550492e-01,1.1440652312e-01,9.2022061531e-04,5.2532062128e-04,8.1348746174e-04,2.4551872452e-03,1.1537560208e-03,1.0778378128e+00
2.3000000000e+01,8.7558385070e-01,1.1843997701e-01,9.7817296669e-04,5.3199793156e-04,8.3255530809e-04,2.4874827424e-03,1.1459633390e-03,1.0932276199e+00
2.3500000000e+01,8.7132075262e-01,1.2253709684e-01,1.0328147589e-03,5.6038907267e-04,8.5070939184e-04,2.5378644556e-03,1.1603728529e-03,1.1109677807e+00
2.4000000000e+01,8.6693332882e-01,1.2670549497e-01,1.0913304561e-03,5.8421994080e-04,9.0411177920e-04,2.6077329679e-03,1.1737810655e-03,1.1305796961e+00
2.4500000000e+01,8.6084065813e-01,1.3257183747e-01,1.1467568631e-03,6.2718107045e-04,9.4337214178e-04,2.6769499733e-03,1.1932443517e-03,1.1545058672e+00
2.5000000000e+01,8.5411875437e-01,1.3914570366e-01,1.2076613573e-03,6.4629466749e-04,9.4833532879e-04,2.7139081654e-03,1.2193424524e-03,1.1761882359e+00
2.5500000000e+01,8.4786229218e-01,1.4503757593e-01,1.2882902093e-03,6.8011860278e-04,1.0152490616e-03,2.8110928193e-03,1.3053811952e-03,1.2040876034e+00
2.6000000000e+01,8.4326245759e-01,1.4939097337e-01,1.3613241116e-03,7.1281381591e-04,1.0506503743e-03,2.8925218383e-03,1.3292589031e-03,1.2232424056e+00
2.6500000000e+01,8.3975589381e-01,1.5269142511e-01,1.4478705549e-03,7.3239395558e-04,1.0807939577e-03,2.9243701484e-03,1.3672524598e-03,1.2385617330e+00
2.7000000000e+01,8.3587350791e-01,1.5619887526e-01,1.5711632900e-03,7.6612409703e-04,1.1399237669e-03,3.0436521553e-03,1.4067535227e-03,1.2597209942e+00
2.7500000000e+01,8.2999356864e-01,1.6187390241e-01,1.6058855371e-03,7.9410377238e-04,1.1854619861e-03,3.1049880951e-03,1.4420895613e-03,1.2793648380e+00
2.8000000000e+01,8.2671272161e-01,1.6493079164e-01,1.6701676543e-03,8.2139079216e-04,1.2340954540e-03,3.1812041314e-03,1.4496287187e-03,1.2936727245e+00
2.8500000000e+01,8.2542809626e-01,1.6599144679e-01,1.7375267639e-03,8.7123419706e-04,1.2704993486e-03,3.2380122901e-03,1.4631843493e-03,1.3041744310e+00
2.9000000000e+01,8.1900263614e-01,1.7212177913e-01,1.8041209894e-03,9.2091155975e-04,1.3291686712e-03,3.3094679690e-03,1.5119155326e-03,1.3273144953e+00
2.9500000000e+01,8.0854293599e-01,1.8220419666e-01,1.9211122345e-03,9.5619074811e-04,1.3924832875e-03,3.4085643976e-03,1.5745166817e-03,1.3598364067e+00
3.0000000000e+01,7.9880233467e-01,1.9149042360e-01,2.0156833338e-03,1.0122033577e-03,1.4510183314e-03,3.6020298185e-03,1.6263068869e-03,1.3916676973e+00
3.0500000000e+01,7.9297794583e-01,1.9684228069e-01,2.1633313360e-03,1.0730698399e-03,1.5179103090e-03,3.7252811965e-03,1.7001807960e-03,1.4169685628e+00
3.1000000000e+01,7.8426181504e-01,2.0525239744e-01,2.2725289901e-03,1.1148199890e-03,1.5883481948e-03,3.7857798072e-03,1.7243105345e-03,1.4417220117e+00
3.1500000000e+01,7.7584028430e-01,2.1325047993e-01,2.3910034808e-03,1.1612771681e-03,1.6616153221e-03,3.9130073864e-03,1.7823324033e-03,1.4684133860e+00
3.2000000000e+01,7.6884656437e-01,2.1994552361e-01,2.4718771667e-03,1.1896232782e-03,1.7517411665e-03,3.9795580502e-03,1.8151123501e-03,1.4887366803e+00
3.2500000000e+01,7.6545657701e-01,2.2301177014e-01,2.5950308896e-03,1.2106173203e-03,1.8515063360e-03,4.0205266863e-03,1.8539716249e-03,1.5039102389e+00
3.3000000000e+01,7.5753678690e-01,2.3050447835e-01,2.7394134709e-03,1.2191309124e-03,1.9525099641e-03,4.1407992746e-03,1.9068811252e-03,1.5278910180e+00
3.3500000000e+01,7.5228668522e-01,2.3554144989e-01,2.8063372802e-03,1.2453051134e-03,1.9783598121e-03,4.2026944948e-03,1.9391681871e-03,1.5417205430e+00
3.4000000000e+01,7.4442847795e-01,2.4306798853e-01,2.9934265492e-03,1.2845475468e-03,2.0232380754e-03,4.2460957745e-03,1.9562255715e-03,1.5623892843e+00
3.4500000000e+01,7.4250821090e-01,2.4477093789e-01,3.0708608146e-03,1.3505240656e-03,2.0781056802e-03,4.2408858168e-03,1.9804748301e-03,1.5722005698e+00
3.5000000000e+01,7.3554306827e-01,2.5126933846e-01,3.2296432223e-03,1.3927019404e-03,2.1458808364e-03,4.3880502287e-03,2.0313170499e-03,1.5943249382e+00
3.5500000000e+01,7.3396776563e-01,2.5263474942e-01,3.3462111448e-03,1.4149010510e-03,2.2219873532e-03,4.3415644726e-03,2.0728209228e-03,1.6029479114e+00
3.6000000000e+01,7.2990338496e-01,2.5655321749e-01,3.5025627415e-03,1.4271978709e-03,2.2579320479e-03,4.3003796541e-03,2.0553252372e-03,1.6122513346e+00
3.6500000000e+01,7.2410128878e-01,2.6222195967e-01,3.5768637783e-03,1.4498232380e-03,2.3321215771e-03,4.2697068409e-03,2.0482361105e-03,1.6237308304e+00
3.7000000000e+01,7.1374856937e-01,2.7211343423e-01,3.8041046431e-03,1.5050526852e-03,2.4044893141e-03,4.3686489806e-03,2.0557007808e-03,1.6485120153e+00
3.7500000000e+01,7.0994228275e-01,2.7564575981e-01,3.9194341661e-03,1.5517420011e-03,2.4799458795e-03,4.3915831527e-03,2.0692522394e-03,1.6606671235e+00
3.8000000000e+01,7.0364899627e-01,2.8156449523e-01,4.1106085536e-03,1.5890579683e-03,2.5781122580e-03,4.4421362197e-03,2.0665935042e-03,1.6775617386e+00
3.8500000000e+01,6.9761881762e-01,2.8735911474e-01,4.2365958677e-03,1.6006425414e-03,2.6685569030e-03,4.4375057805e-03,2.0787665385e-03,1.6904463145e+00
3.9000000000e+01,6.9194349327e-01,2.9282379519e-01,4.3610805854e-03,1.6196776721e-03,2.7126455077e-03,4.4666791527e-03,2.0726286210e-03,1.7017150982e+00
3.9500000000e+01,6.8380888209e-01,3.0061422231e-01,4.5217207329e-03,1.6843190140e-03,2.7735025735e-03,4.5245704696e-03,2.0727828090e-03,1.7190405666e+00
4.0000000000e+01,6.7826652033e-01,3.0596252405e-01,4.6853205844e-03,1.6992784082e-03,2.8140070050e-03,4.5106471702e-03,2.0617024597e-03,1.7290855556e+00
4.0500000000e+01,6.7440640323e-01,3.0949237078e-01,4.8226137087e-03,1.7624462375e-03,2.9069426347e-03,4.5249675977e-03,2.0842558121e-03,1.7416969215e+00
4.1000000000e+01,6.6827439539e-01,3.1517776591e-01,5.1034602346e-03,1.8149771787e-03,2.9505063510e-03,4.5507593215e-03,2.1281356154e-03,1.7583832758e+00
4.1500000000e+01,6.6118660509e-01,3.2207902692e-01,5.1351576473e-03,1.8382293382e-03,3.0027990697e-03,4.6203658307e-03,2.1378161070e-03,1.7695485731e+00
4.2000000000e+01,6.5799762959e-01,3.2490887655e-01,5.3546100980e-03,1.8490504726e-03,3.0831195205e-03,4.6568652492e-03,2.1498485232e-03,1.7805150232e+00
4.2500000000e+01,6.5289043743e-01,3.2941736401e-01,5.6441629453e-03,1.9404736118e-03,3.1970381103e-03,4.7264219146e-03,2.1841019860e-03,1.7994959866e+00
4.3000000000e+01,6.4990673227e-01,3.3246981557e-01,5.5702588913e-03,1.9648322128e-03,3.2470599205e-03,4.6492996578e-03,2.1920014776e-03,1.8013321083e+00
4.3500000000e+01,6.4476513416e-01,3.3725139834e-01,5.7200176231e-03,2.0295766064e-03,3.3055147990e-03,4.7325329806e-03,2.1958254948e-03,1.8141218556e+00
4.4000000000e+01,6.4276967933e-01,3.3862046651e-01,6.0249112388e-03,2.0958783339e-03,3.3698979625e-03,4.8342281817e-03,2.2849384457e-03,1.8305429762e+00
4.4500000000e+01,6.3972736670e-01,3.4113063798e-01,6.2745389780e-03,2.1082223746e-03,3.4572026416e-03,4.9955183473e-03,2.3065129738e-03,1.8443631605e+00
4.5000000000e+01,6.3348793509e-01,3.4702569325e-01,6.4351512220e-03,2.1472395697e-03,3.5230425268e-03,5.0582986299e-03,2.3226397076e-03,1.8569005877e+00
4.5500000000e+01,6.2823390147e-01,3.5174587396e-01,6.7588304008e-03,2.2411382330e-03,3.5258218567e-03,5.1492994846e-03,2.3451345952e-03,1.8723821529e+00
4.6000000000e+01,6.1398155377e-01,3.6548458793e-01,7.0512848329e-03,2.3000769585e-03,3.5679604660e-03,5.2435824234e-03,2.3709536199e-03,1.8930316948e+00
4.6500000000e+01,6.0301882496e-01,3.7593926270e-01,7.3138182149e-03,2.3910146677e-03,3.6417094499e-03,5.2868070193e-03,2.4085629874e-03,1.9112369140e+00
4.7000000000e+01,5.9939307642e-01,3.7902886978e-01,7.6868895473e-03,2.4474025996e-03,3.6807201392e-03,5.2909640004e-03,2.4720775160e-03,1.9245517639e+00
4.7500000000e+01,5.9745587736e-01,3.8097702738e-01,7.7908949511e-03,2.4877404669e-03,3.6606857144e-03,5.1791956794e-03,2.4485784463e-03,1.9250669445e+00
4.8000000000e+01,5.8784812749e-01,3.9052270100e-01,7.8927246738e-03,2.5593674374e-03,3.6207130172e-03,5.1545952729e-03,2.4017711071e-03,1.9310728766e+00
4.8500000000e+01,5.8294724374e-01,3.9538307160e-01,7.9041333228e-03,2.6239008511e-03,3.6384234312e-03,5.0956960957e-03,2.4075309676e-03,1.9350681557e+00
4.9000000000e+01,5.7284707170e-01,4.0481121518e-01,8.2449183190e-03,2.6718160669e-03,3.8500991042e-03,5.1554765862e-03,2.4194030401e-03,1.9537363874e+00
4.9500000000e+01,5.7162902709e-01,4.0539971839e-01,8.5761196923e-03,2.7300952090e-03,3.9590465951e-03,5.2589725128e-03,2.4470205015e-03,1.9671314721e+00
5.0000000000e+01,5.7065633375e-01,4.0614414242e-01,8.7707860129e-03,2.7980085399e-03,4.0314218152e-03,5.1757380325e-03,2.4235694318e-03,1.9719239597e+00
5.0500000000e+01,5.5983248552e-01,4.1683596162e-01,8.7858612000e-03,2.8448395016e-03,4.1523504338e-03,5.1460293280e-03,2.4024723999e-03,1.9794468876e+00
5.1000000000e+01,5.5952281591e-01,4.1681974597e-01,8.9418994574e-03,2.8811996810e-03,4.2657219225e-03,5.1558755884e-03,2.4127414695e-03,1.9863412769e+00
5.1500000000e+01,5.5879050180e-01,4.1725688754e-01,9.1492073084e-03,2.9012998423e-03,4.3102324439e-03,5.2004087674e-03,2.3914623037e-03,1.9917277301e+00
5.2000000000e+01,5.5027759645e-01,4.2531608048e-01,9.2926436525e-03,3.0177255140e-03,4.4443591097e-03,5.2809206409e-03,2.3706741481e-03,2.0044236170e+00
5.2500000000e+01,5.4635867412e-01,4.2865451437e-01,9.5825405685e-03,3.0613507391e-03,4.6283711362e-03,5.2995601269e-03,2.4149889356e-03,2.0174142347e+00
5.3000000000e+01,5.3819576578e-01,4.3651549109e-01,9.9558460158e-03,3.0933556820e-03,4.6579459670e-03,5.1739985472e-03,2.4075969179e-03,2.0239655941e+00
5.3500000000e+01,5.3763418093e-01,4.3719443513e-01,9.8578620924e-03,3.0797802597e-03,4.7803617825e-03,5.0391517321e-03,2.4142280734e-03,2.0223359888e+00
5.4000000000e+01,5.3561678737e-01,4.3893796388e-01,1.0046267841e-02,3.0953740682e-03,4.8563095453e-03,5.1041743881e-03,2.3431229096e-03,2.0268556275e+00
5.4500000000e+01,5.3869556293e-01,4.3532388056e-01,1.0366661775e-02,3.2016953430e-03,4.8722774723e-03,5.1713179724e-03,2.3686039446e-03,2.0364171709e+00
5.5000000000e+01,5.3996309486e-01,4.3319835577e-01,1.0848802387e-02,3.3256449263e-03,5.0505761500e-03,5.2373590665e-03,2.3761668383e-03,2.0520397704e+00
5.5500000000e+01,5.3033138106e-01,4.4282911176e-01,1.0855568926e-02,3.3905894586e-03,5.0824126765e-03,5.1540974581e-03,2.3568386584e-03,2.0546014306e+00
5.6000000000e+01,5.2440416279e-01,4.4787561410e-01,1.1457361790e-02,3.4538842701e-03,5.2340832553e-03,5.2243119140e-03,2.3505818818e-03,2.0705925761e+00
5.6500000000e+01,5.1595127806e-01,4.5601245509e-01,1.1696384438e-02,3.5305852310e-03,5.2858947344e-03,5.1483338314e-03,2.3750686110e-03,2.0777218386e+00
5.7000000000e+01,5.1523198419e-01,4.5617537776e-01,1.1880485905e-02,3.6254124516e-03,5.4010841054e-03,5.2884365350e-03,2.3972190575e-03,2.0891167409e+00
5.7500000000e+01,5.1251189743e-01,4.5800341086e-01,1.2450755916e-02,3.7777012264e-03,5.5630619441e-03,5.3261122674e-03,2.3670603614e-03,2.1043741276e+00
5.8000000000e+01,5.0653535666e-01,4.6310680174e-01,1.3000199419e-02,3.9041819686e-03,5.7221877603e-03,5.3546276658e-03,2.3766447817e-03,2.1198356909e+00
5.8500000000e+01,4.9865007621e-01,4.7057362022e-01,1.3195325907e-02,4.0037741093e-03,5.8809743667e-03,5.2969232447e-03,2.3993059463e-03,2.1284120497e+00
5.9000000000e+01,4.9363972514e-01,4.7505989962e-01,1.3577076405e-02,3.9865504948e-03,6.0533355547e-03,5.3016451702e-03,2.3817676204e-03,2.1361564864e+00
5.9500000000e+01,4.8770941127e-01,4.8065318016e-01,1.3611371885e-02,4.0383558589e-03,6.2853614422e-03,5.3299717217e-03,2.3723476651e-03,2.1430433082e+00
6.0000000000e+01,4.7847670200e-01,4.8936118802e-01,1.4057178847e-02,4.1220847403e-03,6.4027315933e-03,5.2585574656e-03,2.3215573281e-03,2.1497220253e+00
6.0500000000e+01,4.7912346881e-01,4.8831846493e-01,1.4229050405e-02,4.1794835003e-03,6.5570632294e-03,5.2648760903e-03,2.3275930331e-03,2.1566633439e+00
6.1000000000e+01,4.7198889720e-01,4.9510902743e-01,1.4385700537e-02,4.1771539212e-03,6.8047655421e-03,5.2236296789e-03,2.3108256947e-03,2.1615057772e+00
6.1500000000e+01,4.5641990391e-01,5.1105553529e-01,1.4349551693e-02,4.1751154076e-03,6.7559350156e-03,4.9969855311e-03,2.2469731491e-03,2.1511962016e+00
6.2000000000e+01,4.4891999566e-01,5.1809786096e-01,1.4725561478e-02,4.2242115450e-03,6.9322360052e-03,4.8749554945e-03,2.2251788560e-03,2.1555993236e+00
6.2500000000e+01,4.4112262618e-01,5.2503410007e-01,1.5158071350e-02,4.3334799926e-03,7.3297110641e-03,4.8084125452e-03,2.2135987989e-03,2.1673877542e+00
6.3000000000e+01,4.3198709869e-01,5.3397108590e-01,1.5278335699e-02,4.4196453305e-03,7.5169898104e-03,4.6714475641e-03,2.1553970039e-03,2.1668028388e+00
6.3500000000e+01,4.2618124906e-01,5.3923347105e-01,1.5549201742e-02,4.5346968729e-03,7.7106915970e-03,4.6058170199e-03,2.1848726656e-03,2.1741224363e+00
6.4000000000e+01,4.1480269530e-01,5.5074362731e-01,1.5621905494e-02,4.5029315564e-03,7.6169162620e-03,4.5968986587e-03,2.1150254260e-03,2.1660120638e+00
6.4500000000e+01,4.0582897868e-01,5.5907048896e-01,1.6075694898e-02,4.6301283543e-03,7.7236383013e-03,4.5430946657e-03,2.1279761437e-03,2.1719929087e+00
6.5000000000e+01,4.0087235943e-01,5.6337094085e-01,1.6581567540e-02,4.6386202949e-03,7.9413667331e-03,4.4990293717e-03,2.0961157812e-03,2.1775721347e+00
6.5500000000e+01,3.9403556901e-01,5.6968252538e-01,1.7005820597e-02,4.6707027214e-03,8.0688903001e-03,4.4942030975e-03,2.0422888880e-03,2.1801663948e+00
6.6000000000e+01,3.9152899292e-01,5.7185754970e-01,1.7103811621e-02,4.7776925720e-03,8.3007551268e-03,4.3911936241e-03,2.0400044394e-03,2.1840076247e+00
6.6500000000e+01,3.8739394584e-01,5.7568779813e-01,1.7511182098e-02,4.7954691142e-03,8.2783599836e-03,4.2861456633e-03,2.0470991657e-03,2.1841865087e+00
6.7000000000e+01,3.7895132370e-01,5.8392229460e-01,1.7788821274e-02,4.8685160519e-03,8.3438953133e-03,4.1014903122e-03,2.0236587502e-03,2.1800187196e+00
6.7500000000e+01,3.7046862118e-01,5.9163901006e-01,1.7990591703e-02,5.0177374300e-03,8.8203847581e-03,4.0416113711e-03,2.0220434947e-03,2.1871703570e+00
6.8000000000e+01,3.6510642468e-01,5.9725567974e-01,1.7848616007e-02,4.9831388935e-03,8.9304001165e-03,3.8982381950e-03,1.9775023594e-03,2.1778745567e+00
6.8500000000e+01,3.6577988377e-01,5.9689358741e-01,1.7590947494e-02,4.9001477694e-03,9.0525370232e-03,3.8488190892e-03,1.9340774438e-03,2.1726022708e+00
6.9000000000e+01,3.6704680365e-01,5.9518912982e-01,1.7901415574e-02,4.8538960411e-03,9.2452282404e-03,3.9077857593e-03,1.8557409195e-03,2.1774405768e+00
6.9500000000e+01,3.6701663124e-01,5.9494135531e-01,1.8102466790e-02,4.8712403170e-03,9.4078840790e-03,3.8327136617e-03,1.8277085988e-03,2.1795809199e+00
7.0000000000e+01,3.6057594807e-01,6.0197294548e-01,1.7760743119e-02,4.8893461514e-03,9.4444863644e-03,3.5890213969e-03,1.7675094227e-03,2.1636853413e+00
7.0500000000e+01,3.5325695171e-01,6.0928577495e-01,1.7806313908e-02,4.8796965408e-03,9.5747680746e-03,3.4430579597e-03,1.7534368592e-03,2.1563762583e+00
7.1000000000e+01,3.4242454410e-01,6.1984653939e-01,1.8170527212e-02,4.8894337967e-03,9.5653676037e-03,3.4094417640e-03,1.6941461418e-03,2.1490261869e+00
7.1500000000e+01,3.3961365200e-01,6.2229565391e-01,1.8407882792e-02,4.9128102509e-03,9.6770720710e-03,3.4085172261e-03,1.6844117547e-03,2.1512792478e+00
7.2000000000e+01,3.3388130588e-01,6.2729912325e-01,1.8911323404e-02,5.0365160126e-03,9.8714342324e-03,3.3652769120e-03,1.6350203093e-03,2.1546560776e+00
7.2500000000e+01,3.3057369432e-01,6.3024877033e-01,1.9415647226e-02,4.9492018444e-03,9.9804327492e-03,3.2263691720e-03,1.6058843530e-03,2.1517071987e+00
7.3000000000e+01,3.3035360015e-01,6.3001724505e-01,1.9892920609e-02,4.9720979500e-03,1.0054135804e-02,3.1320306334e-03,1.5779697976e-03,2.1542261121e+00
7.3500000000e+01,3.3017542547e-01,6.3009632824e-01,1.9771303957e-02,5.0480854575e-03,1.0309937136e-02,3.0665603233e-03,1.5323594151e-03,2.1545848809e+00
7.4000000000e+01,3.2951434575e-01,6.3057377025e-01,2.0226602683e-02,5.0375957631e-03,1.0223582937e-02,2.9276413103e-03,1.4964613053e-03,2.1514059660e+00
7.4500000000e+01,3.2296545996e-01,6.3753135538e-01,2.0156949760e-02,5.0198612879e-03,1.0053244250e-02,2.8366250315e-03,1.4365043388e-03,2.1364741128e+00
7.5000000000e+01,3.1819062482e-01,6.4261123896e-01,2.0350540098e-02,4.9204724612e-03,9.7805656772e-03,2.7157851560e-03,1.4307728351e-03,2.1235300477e+00
7.5500000000e+01,3.1879034294e-01,6.4145850896e-01,2.0864959203e-02,5.1072598972e-03,9.7973651430e-03,2.5934927273e-03,1.3880711355e-03,2.1279574768e+00
7.6000000000e+01,3.1114552273e-01,6.4880621661e-01,2.1160917645e-02,5.0791324936e-03,9.9561441558e-03,2.5223715425e-03,1.3296948254e-03,2.1205007557e+00
7.6500000000e+01,3.1091227407e-01,6.4852620849e-01,2.1527143439e-02,5.1300539770e-03,1.0127303433e-02,2.4648728085e-03,1.3121437815e-03,2.1249667638e+00
7.7000000000e+01,3.0513918961e-01,6.5425110809e-01,2.1741346902e-02,5.1529511143e-03,1.0077295962e-02,2.3502781036e-03,1.2878302096e-03,2.1160625195e+00
7.7500000000e+01,2.9921251548e-01,6.6083166789e-01,2.1474651570e-02,5.0338246390e-03,9.9044624519e-03,2.2675097118e-03,1.2753682617e-03,2.0985235774e+00
7.8000000000e+01,2.9589243831e-01,6.6409455000e-01,2.1357285390e-02,5.0845904900e-03,1.0085765043e-02,2.2226378295e-03,1.2627329343e-03,2.0956125168e+00
7.8500000000e+01,3.0219140123e-01,6.5690104070e-01,2.1972921290e-02,5.1461783671e-03,1.0385890613e-02,2.1662632308e-03,1.2363045679e-03,2.1109857726e+00
7.9000000000e+01,3.0165879201e-01,6.5697751693e-01,2.2364055956e-02,5.2463510001e-03,1.0416330827e-02,2.0815211096e-03,1.2554321679e-03,2.1147671422e+00
7.9500000000e+01,2.9472460466e-01,6.6384474603e-01,2.2384773069e-02,5.2490635099e-03,1.0537429030e-02,2.0359081297e-03,1.2234755771e-03,2.1062976746e+00
8.0000000000e+01,3.0000279045e-01,6.5845448338e-01,2.2316411575e-02,5.3699082298e-03,1.0709088879e-02,1.9524288808e-03,1.1948886116e-03,2.1119846569e+00
8.0500000000e+01,2.9461256023e-01,6.6372399051e-01,2.2544114387e-02,5.3794150180e-03,1.0722704457e-02,1.8558039323e-03,1.1614114711e-03,2.1034998926e+00
8.1000000000e+01,3.0083195063e-01,6.5778966275e-01,2.2639534218e-02,5.2775316115e-03,1.0571636236e-02,1.7795860536e-03,1.1100984975e-03,2.1009680990e+00
8.1500000000e+01,3.0712071361e-01,6.5107008280e-01,2.3126436843e-02,5.2922353094e-03,1.0564344610e-02,1.7384295966e-03,1.0877572299e-03,2.1094174995e+00
8.2000000000e+01,3.0077625737e-01,6.5773448952e-01,2.3024393631e-02,5.2109505000e-03,1.0547011535e-02,1.6468203436e-03,1.0600771001e-03,2.0947929696e+00
8.2500000000e+01,3.0240243083e-01,6.5521460848e-01,2.3855032927e-02,5.2143610203e-03,1.0668427665e-02,1.5834385964e-03,1.0617004853e-03,2.1035520800e+00
8.3000000000e+01,3.0495358539e-01,6.5321514924e-01,2.3701321976e-02,5.1553785272e-03,1.0466345811e-02,1.4875771323e-03,1.0206419237e-03,2.0941456035e+00
8.3500000000e+01,3.0658345955e-01,6.5207233459e-01,2.3511321148e-02,5.1383726392e-03,1.0274330292e-02,1.4062976759e-03,1.0138841098e-03,2.0868057178e+00
8.4000000000e+01,3.1141465852e-01,6.4773469298e-01,2.3291328129e-02,5.0873584849e-03,1.0173696252e-02,1.3086581799e-03,9.8960745558e-04,2.0810917605e+00
8.4500000000e+01,3.0653631415e-01,6.5205505437e-01,2.3929589335e-02,5.1308926139e-03,1.0102624392e-02,1.2606397511e-03,9.8488538782e-04,2.0795997029e+00
8.5000000000e+01,2.9901883833e-01,6.5924116925e-01,2.4210279978e-02,5.1666234593e-03,1.0169880866e-02,1.2144195883e-03,9.7878852782e-04,2.0737752234e+00
8.5500000000e+01,3.0025801921e-01,6.5767715261e-01,2.4547380752e-02,5.1198778001e-03,1.0284498030e-02,1.1580853524e-03,9.5498624264e-04,2.0747846587e+00
8.6000000000e+01,3.0123957000e-01,6.5643220964e-01,2.4951625922e-02,5.0230589930e-03,1.0328730669e-02,1.0881126272e-03,9.3669214821e-04,2.0734112251e+00
8.6500000000e+01,3.0440961375e-01,6.5297238603e-01,2.5183836503e-02,5.0927453106e-03,1.0367790297e-02,1.0278118167e-03,9.4581628686e-04,2.0782490558e+00
8.7000000000e+01,3.0208619428e-01,6.5608370246e-01,2.4701874469e-02,4.9554157679e-03,1.0285187435e-02,9.5786363394e-04,9.2976195673e-04,2.0626187258e+00
8.7500000000e+01,2.9791325977e-01,6.6032205650e-01,2.4762055837e-02,4.8452438788e-03,1.0354107363e-02,9.0021881571e-04,9.0305783250e-04,2.0526849989e+00
8.8000000000e+01,3.0443305930e-01,6.5340657647e-01,2.5076667681e-02,4.8112773688e-03,1.0546934183e-02,8.4264962101e-04,8.8283537607e-04,2.0598719460e+00
8.8500000000e+01,3.0382209092e-01,6.5418623816e-01,2.5286769710e-02,4.7582860449e-03,1.0311301835e-02,7.7391541151e-04,8.6139791367e-04,2.0510669636e+00
8.9000000000e+01,3.0515249629e-01,6.5260504341e-01,2.5574005485e-02,4.7565591801e-03,1.0337653211e-02,7.2449917019e-04,8.4974326103e-04,2.0515671086e+00
8.9500000000e+01,3.0917147014e-01,6.4867729898e-01,2.5562749721e-02,4.5964430396e-03,1.0490693858e-02,6.7583604432e-04,8.2550821665e-04,2.0494594937e+00
9.0000000000e+01,3.1929912541e-01,6.3830083316e-01,2.5823280744e-02,4.5391163673e-03,1.0557744671e-02,6.4041498113e-04,8.3948466933e-04,2.0593622876e+00
9.0500000000e+01,3.1868873036e-01,6.3862401984e-01,2.6352752038e-02,4.5247161290e-03,1.0368711832e-02,5.9361156596e-04,8.4745823257e-04,2.0574909101e+00
9.1000000000e+01,3.2786428220e-01,6.2905231278e-01,2.6731882367e-02,4.5223352854e-03,1.0434977331e-02,5.5491735880e-04,8.3929267888e-04,2.0665217027e+00
9.1500000000e+01,3.3093979408e-01,6.2608121871e-01,2.6767255549e-02,4.4882235882e-03,1.0396331485e-02,4.9793914110e-04,8.2923743918e-04,2.0632044778e+00
9.2000000000e+01,3.2569033365e-01,6.3121496650e-01,2.6784146814e-02,4.5047174301e-03,1.0535824539e-02,4.5121063606e-04,8.1880043082e-04,2.0571110753e+00
9.2500000000e+01,3.2179607287e-01,6.3518356159e-01,2.6972650880e-02,4.4325536108e-03,1.0410282360e-02,4.0165785934e-04,8.0322083275e-04,2.0466971509e+00
9.3000000000e+01,3.2339429883e-01,6.3383405393e-01,2.7037288682e-02,4.3575422900e-03,1.0208126150e-02,3.5850618190e-04,8.1018393880e-04,2.0404540172e+00
9.3500000000e+01,3.3035519926e-01,6.2712374024e-01,2.7084015737e-02,4.2897467482e-03,1.0006578217e-02,3.2566387908e-04,8.1505592105e-04,2.0393508059e+00
9.4000000000e+01,3.2931423602e-01,6.2821904664e-01,2.7191851077e-02,4.2295048140e-03,9.9335350819e-03,2.8957052395e-04,8.2225584516e-04,2.0337099081e+00
9.4500000000e+01,3.3060698579e-01,6.2766664293e-01,2.6691906566e-02,4.0951894947e-03,9.8694418651e-03,2.5038835552e-04,8.1944499922e-04,2.0220464286e+00
9.5000000000e+01,3.3616243132e-01,6.2126459742e-01,2.7507027406e-02,4.1038597501e-03,9.8924085267e-03,2.2207997073e-04,8.4759560165e-04,2.0324349320e+00
9.5500000000e+01,3.4179959551e-01,6.1486715041e-01,2.8445339242e-02,4.0344564696e-03,9.7974930452e-03,1.9886061935e-04,8.5710470956e-04,2.0391165377e+00
9.6000000000e+01,3.5175955649e-01,6.0480562201e-01,2.8754026175e-02,3.9828382578e-03,9.6724111050e-03,1.7360097382e-04,8.5194498686e-04,2.0421563667e+00
9.6500000000e+01,3.5561014870e-01,6.0112422338e-01,2.8576274131e-02,3.9792588599e-03,9.7059870562e-03,1.5049368668e-04,8.5361418008e-04,2.0407769351e+00
9.7000000000e+01,3.5404921847e-01,6.0328940677e-01,2.8392286133e-02,3.8891667437e-03,9.3951946262e-03,1.3268993011e-04,8.5203732794e-04,2.0284293923e+00
9.7500000000e+01,3.4842168989e-01,6.0922443936e-01,2.8542092783e-02,3.7319573004e-03,9.1200388051e-03,1.1599976953e-04,8.4378209858e-04,2.0142230878e+00
9.8000000000e+01,3.5057928406e-01,6.0755035284e-01,2.8257069785e-02,3.7300227846e-03,8.9368611380e-03,1.0164980569e-04,8.4475958906e-04,2.0081666155e+00
9.8500000000e+01,3.5912533956e-01,5.9912686567e-01,2.8455641504e-02,3.6856213950e-03,8.6691217500e-03,8.9078453592e-05,8.4833166711e-04,2.0080505399e+00
9.9000000000e+01,3.5923353598e-01,6.0046486711e-01,2.7527181412e-02,3.4826608724e-03,8.4088450300e-03,7.5444402872e-05,8.0746519893e-04,1.9859371013e+00
9.9500000000e+01,3.6082105394e-01,5.9898859478e-01,2.7580721957e-02,3.3440257555e-03,8.3891332103e-03,6.6514222464e-05,8.0995613323e-04,1.9816203925e+00
1.0000000000e+02,3.6258540207e-01,5.9682450905e-01,2.7920040419e-02,3.2635102801e-03,8.5284848171e-03,6.0793846861e-05,8.1725952390e-04,1.9847726765e+00

# METADATA: {"config_sha256": "1012c2967159", "provenance": "Hardened_JPCL_Resubmission_v1.3", "git_commit_sha": "59f1af098a07"}
